100
8
89160742
93618131
114647225
120517983
141759288
153042193
162953089
185388917
205370024
217823402
249149663
252285828
281480273
290612487
291493578
307815043
329334353
339197359
341120306
373949406
402943514
420279334
444745706
492588038
493247097
497444552
527616953
533868024
534397087
541999872
551811875
570907133
602764496
611489896
640236733
642046548
712823778
809389764
824871996
843092239
850417553
868415107
871212576
874398257
930285268
938028403
961411555
1005879394
1006117797
1029366002
1078414581
1080500909
1085278704
1085588192
1088414202
1109729017
1115057376
1127944856
1144824479
1166164927
1210524119
1253654224
1357453576
1357464642
1357795996
1408184753
1422172303
1425043029
1449609810
1450748045
1463195388
1468503344
1478344130
1492755122
1493834193
1496688973
1553441742
1563918063
1615940747
1620388726
1636124468
1642589712
1689772793
1695185974
1701562493
1703137206
1721059040
1780106852
1783038778
1886588551
1895252113
1903624366
1918072188
1945940194
1950832473
1953522816
1965402163
1970301587
1979795180
1991476634
