1000
42
2811410
4210943
4525795
4680529
5895634
6448172
7075788
7373849
8631594
13991560
16744961
18300000
20234291
23482805
24008250
26058601
26298848
30527936
31294256
31522401
32671880
33238763
34514876
39637912
40111421
40147070
40622505
43282435
43948911
45851214
46760594
48713852
48718773
49471419
51636369
56399467
56983287
58112442
59232238
61187875
61603250
62096740
63328105
66271535
70101615
73650776
73979542
74007999
78558699
79962615
83174140
84614876
86896362
87940591
89316769
89470858
93190547
97653225
98141235
101273254
101709473
105665498
107471646
108762826
109343917
109488914
111719362
114019868
119722223
122585342
124497103
124715358
126019729
126936438
128338176
130121315
131178991
131550504
132641972
133298152
133550484
141586908
143651818
144278221
145029241
146864201
146883378
148069817
149026248
149739573
161529899
162859171
164489521
165540323
166928288
169963124
170674660
173152823
178293569
183628418
186435967
188228509
189340265
190160307
190269069
192424627
192860361
193961955
194201261
194218429
195465072
195986325
196660836
197122441
197207441
199253021
199680261
200643847
202489603
202499303
204072742
204147120
204377545
206790285
208098248
209080688
213639678
213924821
221916379
223214148
226504736
228030350
229184670
232519321
234346426
236487678
238325418
242948004
246145554
247230189
248490205
249431722
249767625
251792774
252798501
254108304
257787140
258647221
262602508
265652354
269432083
272001179
275003023
275406054
275894279
276108595
282420094
283658292
285606196
287169972
289174718
294029342
295572502
299301303
300426791
304983386
306137032
308549207
311505273
311728807
313016352
313119861
314730513
316466902
316729364
325742190
326757442
328960708
330474641
331445148
331534871
331937957
334352191
335452255
336111094
338454504
339182318
339668867
340939540
341712839
342399733
346719328
348539690
350282707
352662448
354473954
354654561
365097645
367989615
368089388
368544634
376304160
376681956
378842521
379317083
379731251
379816201
380915328
383457687
384121639
385270068
386783882
387697818
388368156
392990892
393341567
394029541
396402296
398023500
398176465
405472933
407547137
408163554
410358820
413372708
414740382
416201243
417286723
417322769
425768574
426257401
428276168
429447553
433594344
436574040
436803309
436898334
441918736
444582422
445337787
445842344
450968383
452548424
455552418
456479831
457302943
457440708
457809022
458080683
459231884
460649321
461154868
461468317
462186313
464947368
465767981
467116114
470888669
470948415
472607943
477681932
478309908
478850027
480100465
482979372
483959346
489676395
490901259
491007275
492409307
493058401
497373974
498520498
502600424
502749862
503814680
503871627
507873540
510745999
511576252
512942849
513496925
514022978
514280424
517412672
523409918
526851222
530660478
534340293
534739305
536260686
539121740
542246270
542829143
545686498
548259407
548906411
550421316
552477034
559842111
562286766
565058101
565979121
567191004
567989113
569358701
571103444
574084659
575796313
576753656
584736843
584868458
587494019
587675735
589323363
590384160
591349751
591475549
597340103
599270775
603157199
604014243
606059946
607628128
611887466
614329560
614901218
616710083
619257768
620871674
622481353
622860326
627373643
629546569
630212051
635557591
638983157
639229538
639252905
639992615
640841039
642236857
642580435
653582334
659698638
659985025
662441838
665277928
666451755
669119914
669568916
670164171
670518944
672352354
676823580
680850409
681279332
683227783
683458704
686133999
686530164
688541661
689491132
690194901
692216989
696813413
698605123
699054790
699551910
702603241
703308859
704938497
705418214
707309885
713350765
714461033
715264577
716787640
718049459
731165166
732668475
735366316
736638080
737300471
739399512
739528049
743123773
753317328
754724825
755252056
756753836
757436332
759308115
760501877
761222075
762522920
763083028
766875437
767112150
768997231
772634424
774969228
775794201
778332944
779910312
780419754
781150033
783257624
783790850
785245012
788303171
792857129
796801708
798174757
800559959
801257278
801974552
807274947
809274282
812448843
813098120
814020277
821713929
821978847
824623820
825138959
825319990
825645506
828088194
831682058
832202282
832563513
833454495
834054031
839808353
839989114
843367109
843433137
845741334
846651245
847381997
848000988
848014492
848023555
852829034
854475217
855277712
856407280
862188855
862854787
864144499
865724260
869638101
870127752
872494805
873646246
876688403
879260697
879948714
880272961
881156280
881884918
882078469
884084347
884112174
885422466
889511800
890538907
890565186
899794416
900859584
901219289
902592709
906881450
910713018
914389843
915176838
915176932
916131407
919073033
923387750
925078532
926681461
927034377
928757884
928835784
930947233
932546626
933489028
933790890
935238275
942514397
943730773
944657130
946970926
949249790
949495736
949848517
951473043
955551604
959416672
960570205
961801601
962318072
966689596
970593267
971213336
972381888
972461720
972526132
982955628
984797000
985149717
987363197
990591102
1000033452
1001573185
1001795933
1002139602
1003618899
1003647409
1003875290
1004180584
1004222412
1005855701
1006216759
1007865790
1008628796
1010747569
1014865602
1022406783
1023672402
1025179649
1025341980
1025710776
1026087883
1032249407
1033102679
1039686099
1044969224
1045053610
1046543104
1047972678
1052581414
1054597921
1059417512
1060966450
1064411433
1069968993
1070134863
1076186253
1078960549
1081267957
1083104830
1083844976
1084018451
1086615460
1089259285
1092564966
1096224965
1098822429
1104217081
1104531121
1106696650
1107225730
1109528663
1114182434
1114965163
1117313876
1118442408
1119656617
1120101579
1130226162
1136248245
1140661491
1147077965
1150712606
1150816416
1153885369
1154009188
1162674931
1163893633
1172328412
1173815553
1175855576
1181359816
1188890347
1190898696
1192316946
1192827771
1193469926
1193943465
1194938619
1199026620
1199036690
1200942113
1201825224
1204914944
1206652864
1206848805
1210749897
1216081658
1216189171
1218561417
1219964789
1220421038
1220645118
1222401193
1224621537
1227748593
1227958857
1228291155
1228361951
1229511474
1231026423
1231245738
1231430049
1231749662
1232798548
1235500184
1236908036
1238435675
1241474032
1242596631
1243485846
1243594972
1244846475
1244931186
1245818577
1246619383
1247504963
1252369026
1254185220
1254232127
1254621821
1255667140
1256843057
1257987247
1259402814
1259885750
1262454491
1263465323
1266687618
1268304437
1269480899
1270489111
1272476300
1274451109
1276599507
1279474464
1279742091
1283737537
1289625291
1289917927
1293097941
1293256972
1294420982
1294766119
1297060131
1297371887
1299886110
1301752281
1302421463
1304586694
1308695480
1309346485
1310641892
1310821910
1311171305
1312780539
1314149536
1316426615
1316552513
1318437079
1321212391
1323498773
1325688546
1328480527
1328946808
1333024110
1334695467
1334911159
1337118404
1337470757
1342658768
1344633749
1344758229
1345425607
1347143935
1348774885
1351971581
1355148544
1359581133
1362563995
1363428082
1366384623
1366436236
1368896192
1369254435
1374972567
1376873102
1376873189
1385206691
1389526704
1389768316
1393516974
1393792594
1393811191
1394975564
1397265089
1401610428
1404896970
1405470988
1408211009
1412002457
1416070213
1416516789
1416635040
1418027207
1420079970
1421562165
1421732646
1425257382
1428157488
1428388257
1430261433
1433985896
1434682851
1441455850
1444156981
1446591175
1447195987
1447744765
1454567007
1455462124
1459569643
1460777671
1462576203
1466203754
1467191451
1468491152
1474528339
1475578953
1478180148
1478598038
1480267405
1483281029
1484961377
1494386311
1496013544
1496091890
1499500818
1499782497
1501917759
1502338343
1504830376
1507046517
1507928060
1508149882
1511697227
1513795031
1513796712
1516304736
1516578046
1518657078
1520181708
1521669977
1523103362
1523236141
1529372064
1530685092
1531335324
1532843522
1533296830
1539149522
1539365779
1539680775
1540411930
1540652036
1541311816
1541633895
1541782152
1541898169
1542597351
1542869611
1543572212
1544249793
1544917667
1545735372
1550725322
1553360540
1555537434
1556256505
1558463366
1558942425
1559932455
1562716857
1563761918
1564432637
1566382859
1567479801
1569627785
1571496872
1571694399
1573348841
1573864391
1574034593
1575481603
1577206856
1581694781
1584733122
1585406879
1588326755
1591007883
1592014639
1594942971
1599080592
1600237954
1601070996
1605343806
1606457272
1609468737
1611708809
1612329492
1612340529
1613851876
1615001909
1617014330
1617888520
1624281207
1626241907
1627073295
1628521227
1629117571
1630508415
1632594967
1634143310
1635963467
1637122610
1639594954
1642060803
1648243569
1651411320
1656264247
1656599184
1658758749
1661072355
1668823710
1670890930
1672376295
1672882406
1674121112
1674195944
1674375000
1676886540
1679515621
1682678072
1685153831
1686777117
1687481263
1691267384
1692758563
1696355699
1697129573
1701003130
1701697889
1706657016
1708009516
1708528473
1713848158
1715036484
1716442910
1719557307
1723672821
1723814797
1724496878
1733778069
1735531614
1735685322
1740320945
1741069092
1742032798
1742867501
1744150855
1748131531
1755996429
1757050562
1762901049
1772780490
1777911144
1780581549
1782449662
1782547013
1783908591
1784672009
1785447905
1787470319
1791534966
1794277635
1794743809
1795095570
1799177239
1800929226
1801131367
1804577782
1805234356
1805738975
1807788595
1811829249
1812335687
1812800918
1816815013
1822219283
1822967675
1825384962
1825855244
1826304118
1828842174
1829196007
1832422610
1835624714
1836983098
1840987499
1841227818
1841303942
1842513039
1844170007
1847392792
1847842279
1849309473
1849550762
1849833889
1856183379
1857223449
1857231810
1858661527
1859989603
1860687296
1860960256
1861639908
1862682791
1868537162
1871682429
1873246724
1878368369
1878980783
1879998701
1882030372
1884264011
1884819496
1885170543
1885323616
1888796489
1895458975
1896102227
1896411702
1916160295
1916724599
1917355473
1922361938
1923357208
1925229269
1928410117
1929480412
1930852112
1932231394
1934983323
1937127358
1940385245
1948503459
1952334553
1959775593
1964350592
1966715793
1966956266
1967968663
1968450366
1970690976
1978320518
1978734536
1980030346
1980453120
1980843085
1981254719
1982421015
1982857969
1983677883
1987194300
1987639476
1989512559
1989529164
1990957890
1991115897
1992223565
1992534971
1992869747
1993229677
1994420065
1995927696
1996480509
