1000
42
10
31
59
30
44
29
62
25
63
8
45
40
60
4
33
11
63
40
39
55
18
19
29
43
29
7
54
31
54
16
9
62
54
35
55
53
25
9
43
19
37
21
16
15
35
6
6
14
16
52
26
30
18
63
43
19
14
23
19
19
60
41
58
7
60
29
26
40
40
8
19
62
9
45
51
4
25
12
44
43
24
4
53
8
35
2
30
42
11
62
12
24
58
11
1
36
8
22
40
9
6
56
19
42
56
44
3
28
46
7
35
46
22
49
44
40
50
29
5
23
40
31
59
3
61
28
40
28
40
50
51
13
42
7
14
30
31
39
23
7
7
17
26
24
15
34
8
20
29
42
50
29
55
50
39
36
4
24
59
3
52
22
61
50
2
38
32
21
53
64
48
64
43
33
62
27
42
38
30
33
23
57
30
13
51
23
54
23
22
23
31
19
24
24
36
40
19
57
36
28
10
15
4
50
25
52
24
53
29
52
41
54
14
28
2
8
1
21
24
62
10
21
1
28
14
1
10
39
22
35
50
16
26
42
50
53
43
27
48
6
36
26
46
11
46
56
26
8
26
24
17
38
47
15
32
20
10
55
26
35
16
61
40
5
63
50
49
14
64
14
22
17
51
2
45
45
12
63
1
49
29
47
21
61
46
20
11
10
57
48
2
60
18
54
19
15
59
57
13
64
15
10
21
24
22
55
20
40
60
3
37
12
33
63
20
50
1
31
60
48
29
44
10
35
16
36
2
39
20
20
45
61
42
1
49
27
15
15
19
42
58
3
57
58
18
5
18
39
3
16
27
61
53
41
12
62
18
30
29
29
43
24
28
22
24
31
11
28
15
41
61
23
44
54
43
44
32
3
34
27
57
51
25
18
40
28
5
41
40
58
28
47
35
9
22
3
36
29
45
8
34
28
27
36
48
64
58
45
50
15
49
27
61
36
57
15
34
23
56
18
7
53
50
37
45
10
20
53
55
19
20
51
52
27
3
46
53
64
33
27
38
52
7
42
59
42
58
36
28
37
18
28
17
56
10
9
38
22
29
15
56
14
5
46
51
44
30
51
19
12
33
8
13
38
4
40
12
29
57
27
54
59
6
31
36
26
33
13
17
63
57
40
48
30
7
28
53
52
47
33
33
26
3
21
20
3
58
53
8
35
2
61
32
19
23
60
30
28
28
29
54
28
46
44
34
22
18
13
32
30
50
23
28
48
37
59
42
51
52
19
57
3
38
23
48
14
43
9
59
53
50
43
57
46
13
2
28
16
22
57
23
49
57
48
48
28
47
49
23
19
41
35
22
46
17
63
7
57
51
53
47
14
1
55
45
63
23
56
41
28
47
59
61
37
62
46
27
34
15
35
60
49
59
15
15
52
8
33
22
13
2
1
13
8
62
49
7
49
60
35
21
62
32
25
45
25
30
15
38
4
33
54
22
53
47
19
39
34
30
18
63
63
8
12
8
12
5
32
26
7
35
23
60
36
4
14
60
4
9
41
27
23
58
25
19
5
32
45
21
37
30
30
19
21
34
27
18
3
19
2
37
63
52
61
12
17
46
52
20
21
18
41
23
14
22
63
11
27
19
50
60
1
33
32
36
58
30
4
41
35
1
24
62
50
18
27
52
19
12
30
28
38
10
3
29
13
23
37
60
46
17
61
50
27
50
34
26
47
18
37
18
23
14
45
6
10
22
17
49
56
6
40
39
28
12
53
12
11
57
24
36
50
29
6
47
44
26
40
19
12
62
50
53
13
10
15
19
53
23
36
48
57
32
52
18
56
40
46
36
21
3
33
11
8
28
31
16
59
22
5
56
28
13
32
15
59
15
13
64
55
25
63
13
52
43
46
12
36
30
58
64
36
19
8
21
5
32
12
8
43
46
60
2
35
63
20
51
48
23
49
63
54
35
34
55
38
19
21
22
50
45
31
39
53
11
43
58
8
29
44
17
38
44
24
27
57
51
42
64
53
31
40
13
51
27
53
2
62
46
31
48
44
9
42
49
11
6
58
9
26
40
50
8
4
43
6
44
13
29
32
12
14
17
8
37
17
42
12
16
30
60
3
15
35
49
45
11
5
13
46
27
48
51
26
48
7
20
25
17
50
20
34
18
5
11
24
51
50
55
20
6
4
45
52
52
50
40
32
38
51
18
4
10
45
2
60
18
21
59
33
58
55
44
40
16
9
54
29
32
24
32
10
38
12
23
39
47
47
37
43
13
17
29
35
42
2
17
5
26
57
57
56
16
28
48
59
8
38
20
