10000
219
130
66
55
73
136
113
199
127
153
31
142
166
84
87
103
172
20
158
230
83
109
44
128
41
191
74
144
204
85
112
88
44
236
134
166
124
235
30
163
141
175
16
54
128
216
21
241
51
39
211
150
112
108
49
23
72
115
86
11
176
81
149
215
249
187
158
104
176
73
52
30
233
48
171
62
228
60
197
153
137
9
142
223
159
59
182
247
248
64
176
126
28
192
187
101
137
247
67
94
7
114
203
103
120
255
136
209
185
205
71
166
193
174
78
43
247
174
94
6
4
251
229
34
179
154
157
113
215
233
234
248
126
37
185
168
102
177
12
209
109
190
235
178
172
190
119
129
139
77
32
251
22
200
172
18
61
68
187
150
140
238
152
59
107
251
27
256
83
171
30
168
225
168
134
81
114
111
85
193
143
43
244
212
158
198
33
10
123
66
47
239
243
2
220
178
14
125
82
247
74
39
151
166
167
107
97
155
173
80
157
104
26
104
128
25
5
48
179
21
171
100
118
110
163
124
18
237
69
25
152
102
68
163
106
11
36
126
247
189
143
119
23
129
245
244
238
6
114
163
25
109
99
157
9
197
25
176
203
111
234
120
76
54
157
12
73
3
107
240
254
132
160
70
246
169
70
255
214
154
215
208
183
19
165
95
221
244
107
36
107
140
92
141
43
153
180
147
32
15
219
175
140
112
240
60
82
215
135
94
180
139
114
107
16
82
201
194
69
221
200
170
247
54
28
253
255
70
236
228
65
178
168
248
16
145
103
3
13
64
211
2
238
8
231
53
10
144
50
79
97
100
236
17
33
44
7
228
189
99
109
24
176
245
147
115
67
71
183
223
64
241
145
175
166
139
95
207
104
67
20
24
67
230
138
101
133
199
15
90
77
184
194
137
189
33
10
45
86
80
100
97
66
193
121
80
103
223
63
54
47
114
52
104
143
51
79
169
149
247
174
73
207
2
22
115
72
119
142
139
108
152
113
3
247
41
117
137
131
110
241
54
130
161
124
251
255
79
118
156
192
160
139
110
19
143
210
170
118
43
3
190
191
173
48
66
152
227
213
27
23
204
9
157
236
161
223
254
211
96
118
55
84
250
56
13
78
67
89
238
247
253
193
68
57
250
88
96
57
132
228
183
159
216
184
11
233
37
240
211
227
12
113
21
186
167
193
207
256
6
145
100
88
171
248
93
209
232
75
12
60
79
20
245
108
213
230
254
14
232
16
246
236
64
163
26
70
208
45
31
164
215
26
24
3
105
36
161
244
74
205
139
192
216
57
150
10
39
6
45
198
171
113
38
170
222
54
16
65
42
72
220
97
66
189
191
170
82
224
158
43
203
194
217
16
115
255
41
135
157
134
178
256
30
154
208
10
232
95
135
188
84
201
162
158
33
60
35
163
123
199
23
195
59
198
99
212
132
176
117
17
177
90
94
238
118
73
66
107
185
45
69
74
243
221
83
55
239
54
83
114
253
38
107
215
256
178
101
218
58
209
51
120
44
105
7
193
161
250
127
176
216
209
197
93
173
96
75
110
52
118
39
6
37
246
79
15
229
71
246
155
186
30
119
194
85
131
55
141
217
161
139
182
124
198
252
20
210
110
50
196
178
200
150
169
179
104
96
247
112
16
221
213
98
52
42
241
158
157
163
192
38
149
122
35
224
177
197
124
141
27
171
87
201
73
85
157
117
150
229
181
112
139
20
88
240
153
245
242
133
70
201
152
15
140
89
38
124
93
136
100
121
29
119
160
127
174
88
239
25
193
245
78
73
25
76
254
179
234
103
172
61
191
11
36
146
204
150
102
149
211
127
203
37
2
90
5
193
141
133
252
42
223
58
126
67
94
146
27
102
151
176
174
49
209
163
94
118
231
248
134
34
163
15
237
216
238
256
171
167
227
181
68
201
38
74
34
112
223
88
59
169
253
44
74
71
234
214
132
253
190
242
15
158
188
73
208
110
158
244
49
243
12
66
113
53
60
22
101
44
42
20
65
49
61
19
158
83
255
175
128
132
9
115
10
199
44
138
218
185
88
123
183
217
169
219
161
216
236
144
135
54
238
20
184
220
143
219
251
69
43
105
239
149
237
81
145
216
146
151
60
7
215
89
196
179
184
18
52
132
88
110
239
20
208
14
254
50
84
189
11
112
16
216
144
97
16
123
161
52
84
225
226
228
9
210
36
121
134
205
37
62
54
170
145
70
137
88
20
147
33
149
59
24
169
214
133
152
149
106
119
217
107
32
45
197
47
109
124
218
92
187
228
238
9
193
182
140
109
97
227
98
157
17
123
54
31
254
16
233
116
189
119
39
169
45
74
212
152
122
185
42
114
155
106
169
131
233
144
221
139
251
134
170
115
210
62
35
228
3
156
12
87
6
11
60
246
215
131
183
164
153
75
49
212
139
88
87
3
56
239
27
68
165
131
100
241
7
212
178
253
198
200
193
206
213
227
220
184
155
179
89
55
255
120
174
119
12
185
37
11
96
98
87
127
252
32
254
80
65
55
144
253
132
126
162
100
200
16
197
110
132
211
84
107
191
5
62
7
127
137
74
142
222
94
212
53
92
29
167
157
235
73
59
149
222
180
95
97
68
228
37
243
90
124
107
121
248
10
188
156
48
112
230
239
25
177
219
169
43
206
236
256
116
78
24
38
10
245
156
147
151
110
98
180
229
11
145
62
44
62
255
67
215
67
7
175
19
227
126
82
20
219
164
85
172
113
35
128
145
16
9
8
11
175
147
195
10
82
24
203
48
117
194
94
24
159
148
227
139
2
45
84
47
179
25
248
149
218
53
45
232
205
231
103
41
177
157
65
120
27
133
165
34
153
94
45
22
229
149
46
70
176
129
39
143
25
74
91
136
42
209
45
77
196
34
171
213
199
232
253
226
242
111
55
91
176
231
125
42
22
87
84
75
41
13
38
125
141
148
65
253
254
181
8
95
237
236
47
239
106
217
30
29
118
162
138
141
145
38
25
42
124
133
35
101
153
75
230
159
85
43
237
256
92
177
54
29
29
198
145
188
55
160
242
67
235
50
11
227
1
13
230
92
247
126
10
223
252
158
45
235
150
227
161
13
55
54
15
145
122
218
130
1
164
38
160
42
238
172
187
126
70
192
190
169
227
217
158
223
99
162
26
116
42
210
50
94
130
212
143
63
84
136
41
41
170
228
147
165
11
39
155
73
36
126
165
193
8
211
57
9
32
12
67
35
225
220
74
78
5
2
129
76
1
209
203
10
217
135
47
146
54
171
236
183
212
185
113
155
75
91
85
241
169
163
199
212
150
41
145
4
107
23
120
169
101
232
222
57
46
48
38
36
144
76
5
4
63
243
78
237
246
205
171
254
194
37
203
219
256
202
89
48
152
11
256
72
16
116
41
87
108
218
45
233
189
71
173
62
7
16
109
90
248
183
127
17
120
163
114
251
82
1
156
182
166
20
255
133
46
256
191
253
119
111
139
191
16
167
194
42
110
174
187
134
219
65
247
121
90
66
13
244
3
86
62
122
186
236
197
134
44
11
188
129
117
3
214
34
181
219
32
84
104
102
3
10
165
256
128
134
112
79
49
136
113
31
222
147
227
188
174
90
34
219
95
217
65
173
10
122
181
161
22
187
143
12
73
206
114
246
132
140
155
205
235
173
109
107
105
26
38
35
124
209
52
192
7
218
253
96
12
114
19
131
201
110
164
55
173
30
50
76
102
30
162
57
42
219
110
128
210
4
185
243
81
151
244
233
255
241
251
244
151
196
28
38
250
209
81
245
240
43
182
101
252
55
215
65
148
142
175
59
12
19
97
217
49
163
166
147
102
172
162
227
145
200
208
126
255
172
81
46
183
181
168
18
178
9
58
122
9
40
106
206
212
46
125
18
97
202
182
68
91
92
173
135
190
45
172
144
109
67
247
144
53
76
128
72
13
94
213
241
44
29
66
17
144
108
154
103
87
16
58
95
60
15
91
4
27
147
155
133
21
172
143
50
83
87
74
250
217
57
141
164
223
149
121
8
91
100
179
71
175
174
210
55
60
6
72
114
45
102
57
246
26
22
46
201
89
25
24
5
86
228
256
125
161
125
13
145
100
231
84
96
88
33
93
214
7
12
165
219
36
165
153
246
253
172
78
136
52
164
244
148
252
115
94
109
165
139
246
256
156
103
230
154
222
157
16
94
65
32
215
222
175
256
191
209
231
118
19
232
50
228
149
15
89
89
168
188
155
118
161
110
186
82
242
58
10
217
256
115
207
130
76
177
250
237
252
150
183
91
209
172
168
61
174
55
250
189
73
2
73
35
53
143
124
125
83
190
110
83
139
44
49
145
191
5
8
6
21
71
241
49
173
222
236
231
59
116
159
243
196
13
45
67
231
15
2
49
213
48
237
251
214
107
63
41
89
44
164
67
196
166
19
156
32
68
226
221
150
138
42
72
197
91
143
44
107
133
143
87
142
220
3
171
140
16
151
121
18
185
158
58
193
121
164
199
139
231
77
74
111
28
207
221
113
14
30
198
14
45
23
100
35
120
10
13
145
245
237
89
6
75
114
47
13
75
69
88
25
228
109
246
222
62
120
81
173
15
71
116
254
193
182
85
232
71
76
134
21
1
152
242
37
45
132
48
26
220
196
204
90
218
50
76
111
44
240
246
233
91
72
231
160
175
179
159
195
87
202
105
86
228
219
2
48
195
66
248
156
53
251
148
175
102
90
117
230
13
132
180
225
141
110
103
244
246
223
115
35
160
155
80
97
191
36
247
236
70
88
197
193
101
228
194
69
119
16
65
34
152
110
96
125
38
63
55
194
225
206
163
183
214
230
3
116
29
134
96
215
39
60
170
116
173
81
11
58
212
251
252
56
56
136
94
109
234
117
64
235
5
77
194
237
87
25
224
135
94
246
23
227
139
116
158
175
25
136
223
158
171
35
47
110
6
218
88
102
208
116
254
115
141
136
13
237
4
149
52
184
203
28
106
38
80
111
200
134
214
164
187
162
78
112
228
162
217
87
211
20
180
236
149
215
64
235
139
9
98
197
240
15
21
226
22
221
53
45
49
174
255
9
44
238
151
27
58
62
129
88
221
110
205
184
255
53
121
1
59
95
207
142
99
196
58
113
18
48
207
44
85
25
51
50
207
108
97
228
4
134
177
128
2
239
118
142
63
217
110
40
150
8
193
101
43
235
47
88
137
31
176
254
195
20
137
110
38
209
209
35
237
137
6
186
67
32
103
195
195
124
135
27
58
82
85
11
119
38
150
152
65
209
61
242
2
151
47
14
225
130
149
15
50
98
54
168
204
239
155
42
204
67
34
254
29
105
239
186
174
11
197
57
195
246
125
112
129
235
114
57
207
85
37
238
230
181
51
102
112
240
144
108
193
34
13
50
31
61
229
196
236
188
39
179
157
130
186
161
44
223
114
206
117
190
99
62
183
36
99
75
113
164
252
68
251
188
53
24
6
114
53
16
41
34
182
12
62
102
114
177
172
192
209
185
64
173
147
19
92
183
69
148
125
176
17
249
149
52
21
68
62
197
131
7
68
245
36
163
127
208
223
200
137
220
244
79
216
132
142
145
74
195
61
139
65
58
174
136
99
171
155
127
124
167
14
153
192
96
116
6
45
165
215
105
185
182
75
155
152
207
116
24
113
171
155
150
235
147
176
107
13
82
234
85
178
163
203
211
13
55
145
252
50
253
135
195
54
52
39
170
161
11
249
127
184
5
205
28
228
244
220
97
229
32
105
102
112
112
137
6
209
250
72
31
58
19
71
16
61
24
163
96
61
209
94
192
148
195
118
237
187
18
174
2
103
164
182
32
10
163
73
72
214
213
71
206
183
133
235
168
9
225
168
220
188
154
77
199
67
167
184
104
97
37
26
219
148
9
195
182
79
119
221
73
153
203
3
156
166
148
180
168
123
2
235
21
218
2
172
226
234
10
255
33
109
78
256
218
160
230
239
140
175
91
252
124
241
247
111
68
69
256
229
151
105
212
68
124
193
186
241
168
80
135
149
203
176
138
210
168
117
4
244
55
64
43
89
51
9
255
232
158
184
129
40
181
75
89
74
237
77
73
2
96
247
142
136
50
90
215
23
235
105
183
11
152
47
137
242
18
175
76
253
86
138
153
73
109
99
131
74
12
150
47
104
36
206
34
85
99
238
175
219
23
118
159
231
48
142
90
129
82
247
118
199
77
247
241
201
44
66
104
222
174
129
91
217
193
45
27
137
175
255
254
174
24
174
140
127
18
71
176
165
111
219
64
220
128
2
113
168
228
107
115
254
111
220
21
235
150
64
127
9
208
187
56
23
21
66
49
48
75
63
190
200
168
253
37
195
106
205
194
68
247
100
255
7
130
84
127
140
244
206
89
13
104
73
108
59
149
242
60
234
223
56
180
180
241
3
98
135
126
32
178
218
181
48
21
152
25
107
154
104
203
246
75
57
58
166
112
135
207
83
177
27
47
245
20
92
145
97
201
196
155
129
2
205
183
53
11
177
205
131
220
138
46
225
220
215
238
178
112
48
255
151
238
49
122
181
110
116
14
21
7
77
102
8
31
187
25
199
134
45
157
57
97
21
155
170
166
44
193
69
148
36
35
217
10
75
49
62
88
245
74
29
51
53
184
44
12
135
118
166
98
222
108
161
123
8
75
189
244
105
109
240
68
144
234
250
10
229
198
82
92
164
229
234
85
48
78
146
116
231
96
50
201
32
45
154
125
30
33
77
137
211
248
66
54
37
70
98
59
174
199
250
160
92
65
59
138
92
156
123
4
177
236
147
122
24
162
227
256
155
113
256
11
243
199
151
156
70
241
140
121
12
30
58
177
177
109
86
76
196
142
105
184
251
137
142
231
133
150
63
244
181
146
224
27
146
111
145
172
135
22
66
55
168
76
194
223
102
191
250
147
209
13
106
173
252
130
195
210
78
113
92
89
87
163
255
39
49
39
151
61
189
161
217
82
253
108
103
54
174
40
215
152
152
228
63
226
34
243
100
65
140
63
122
142
22
53
236
197
151
108
40
85
182
107
84
136
29
119
34
20
181
169
47
152
136
206
125
123
157
241
35
112
201
107
245
85
193
40
51
135
108
172
244
193
155
4
48
156
3
162
28
249
226
129
236
65
197
89
254
210
142
122
193
86
168
30
162
142
185
104
83
188
17
138
33
46
72
182
64
80
217
121
186
74
107
212
123
76
193
163
12
92
15
74
227
57
73
25
140
152
189
203
130
114
174
51
220
204
168
147
164
43
150
209
98
217
64
220
48
209
111
249
111
204
196
101
127
216
255
131
99
83
103
105
206
22
244
187
95
154
165
186
64
33
68
89
188
35
70
77
62
85
26
17
165
214
120
10
196
48
195
70
120
51
237
108
245
216
53
229
111
38
66
243
39
162
228
40
129
35
205
154
168
47
84
80
160
210
138
154
192
91
58
191
31
193
187
133
148
210
187
140
91
51
124
152
235
108
231
95
156
128
48
197
71
228
185
209
5
81
230
175
68
94
148
199
17
226
129
196
206
97
129
155
28
139
136
27
43
140
226
77
247
7
212
180
147
97
142
28
85
94
141
88
162
117
146
7
34
147
237
175
213
126
142
226
112
100
182
25
208
223
50
37
149
97
126
62
121
187
5
56
97
122
238
164
177
93
242
175
77
240
67
171
158
50
142
101
102
1
146
141
30
210
237
47
69
233
62
106
255
144
244
165
232
126
124
82
216
171
10
9
236
143
68
131
55
76
62
14
5
162
216
108
34
7
37
229
4
22
51
123
228
213
241
23
199
134
142
200
186
120
235
75
113
147
17
33
86
242
187
25
19
11
98
9
57
21
199
160
128
76
230
156
118
37
46
78
149
6
227
21
140
39
73
65
157
77
243
253
223
65
209
104
217
48
241
62
226
117
125
189
83
79
72
96
72
243
113
172
191
156
35
66
201
207
221
255
44
142
192
147
224
42
59
243
207
55
110
107
2
13
192
162
226
170
107
84
144
170
66
77
113
135
83
20
206
245
217
51
201
196
128
71
193
186
11
204
230
177
128
208
222
189
201
47
75
111
78
16
173
44
201
103
232
53
11
108
214
218
62
186
246
162
78
69
107
20
70
100
177
20
206
168
34
122
34
81
133
212
8
208
4
225
95
157
189
86
89
189
206
64
13
35
186
215
191
145
255
103
184
192
206
135
213
245
240
86
181
59
245
163
177
252
183
180
156
113
189
126
26
155
252
7
69
114
32
245
41
244
242
178
132
77
201
153
165
49
186
189
53
11
242
254
113
231
59
86
152
74
43
49
212
127
27
149
248
105
125
243
183
169
210
173
188
105
101
150
127
124
52
199
180
129
121
34
207
173
92
225
91
142
41
87
78
134
45
94
133
17
60
190
228
231
234
243
24
129
46
213
231
89
111
90
96
242
47
108
162
38
172
125
114
17
73
107
241
141
255
44
152
182
79
97
203
210
13
161
177
202
60
78
138
89
20
244
105
253
222
122
35
193
201
150
134
154
166
231
147
200
165
54
126
33
2
24
101
144
25
166
168
37
218
247
146
250
238
96
33
150
100
39
119
6
129
76
227
77
202
156
131
131
167
256
29
31
106
200
122
25
227
33
191
89
116
214
223
139
3
83
102
180
105
102
70
53
246
184
38
138
249
66
36
45
207
107
159
186
47
143
6
200
121
223
16
237
90
256
214
126
240
74
145
99
65
204
111
164
158
242
188
37
97
253
233
140
199
36
171
141
181
101
169
1
140
47
110
253
130
64
67
256
149
3
63
93
58
134
25
168
92
30
132
157
206
241
193
63
20
109
134
178
111
217
121
129
139
213
39
155
164
246
32
6
155
62
177
49
167
107
206
70
136
202
18
117
152
86
193
123
150
84
78
108
103
199
125
119
247
109
121
191
76
3
248
135
229
209
173
253
143
180
230
162
240
69
113
235
178
233
119
215
168
190
133
8
248
102
27
248
31
174
25
214
36
53
48
164
222
236
176
193
159
218
185
13
75
190
121
4
203
185
213
114
215
176
61
49
15
162
236
138
240
189
50
196
147
235
142
233
65
81
51
68
248
226
237
214
56
65
159
1
34
143
49
34
166
3
99
84
85
149
185
143
33
106
120
198
256
200
80
224
57
169
160
242
110
17
173
55
164
182
188
144
67
144
83
149
228
65
175
193
118
246
222
55
182
108
161
46
108
10
3
241
63
240
131
87
20
254
156
15
197
187
248
38
75
253
170
142
227
102
150
143
139
83
200
44
206
66
21
47
185
81
71
256
97
195
146
113
155
174
17
171
178
159
183
15
204
250
161
204
64
177
199
143
144
87
99
146
170
62
144
204
60
154
63
206
245
112
115
66
120
119
200
74
202
83
185
163
133
107
13
126
89
36
214
48
143
127
255
82
83
166
227
82
88
132
224
180
51
8
30
89
99
137
31
143
118
146
1
203
37
2
62
21
65
206
54
30
176
159
244
147
94
241
64
185
176
3
255
181
70
29
57
9
124
29
70
158
207
10
76
140
49
137
55
75
110
1
95
137
184
23
129
83
165
153
128
184
256
121
151
126
249
180
128
44
252
159
32
67
255
215
153
121
71
122
105
98
246
49
98
36
27
118
233
127
100
9
184
165
190
94
256
144
136
3
192
60
158
28
160
216
117
94
15
105
146
44
65
126
88
157
84
112
153
107
127
127
20
103
4
206
170
158
119
228
136
125
255
106
223
202
233
182
38
86
68
86
205
245
242
128
123
237
92
184
223
179
243
233
133
198
189
117
19
15
160
227
228
6
45
22
98
74
224
212
116
48
197
113
226
143
58
115
38
226
217
126
232
154
161
190
245
32
75
188
142
133
72
246
117
17
158
116
21
65
206
171
198
256
243
68
191
6
198
62
78
39
140
188
199
167
256
151
237
74
185
84
205
236
200
157
39
96
129
145
93
65
156
94
213
92
60
193
206
17
39
223
179
199
87
138
252
151
121
196
234
175
184
20
41
192
213
104
196
208
185
100
31
215
214
83
251
192
125
111
195
34
237
90
219
126
140
83
92
120
35
75
99
26
8
165
163
100
43
120
205
1
61
228
227
19
225
171
140
104
143
221
249
190
82
164
1
199
128
110
167
148
106
5
193
120
48
125
151
69
7
92
129
103
95
232
137
49
4
175
78
222
26
72
22
6
15
128
58
238
137
71
205
200
198
96
93
59
75
53
128
242
186
103
109
230
245
248
45
127
17
98
32
252
120
176
62
241
203
94
99
51
227
238
178
44
57
97
241
99
109
76
10
182
12
123
5
219
84
129
141
191
98
57
217
9
185
92
195
80
118
101
105
42
58
60
220
159
182
173
187
108
53
64
214
167
46
98
102
160
210
239
138
30
92
83
76
254
188
39
44
209
254
205
48
34
53
243
7
26
193
212
51
123
42
20
89
215
141
159
241
141
7
47
179
11
126
56
211
78
170
80
100
168
217
136
144
131
36
41
101
178
26
110
174
12
35
220
118
21
111
183
115
97
233
58
109
159
108
161
240
241
175
29
19
94
81
61
17
173
90
241
88
108
128
238
165
246
127
180
141
173
103
206
27
66
247
196
198
144
129
247
25
204
59
235
93
47
56
75
219
189
96
132
174
198
182
93
58
29
167
18
43
254
129
143
85
62
195
140
93
180
156
216
160
216
91
118
8
79
50
177
29
117
205
54
53
102
116
17
24
237
26
25
25
51
97
214
202
48
47
198
91
112
54
237
50
128
76
43
224
84
53
48
109
174
21
59
226
107
248
90
56
141
222
120
241
166
120
81
239
125
212
4
43
130
229
222
250
131
219
133
31
174
255
176
219
235
151
26
5
171
38
51
156
64
34
236
130
9
207
242
73
74
213
176
19
158
16
8
57
228
148
197
204
188
95
50
65
190
81
84
31
169
255
165
168
102
247
120
147
45
114
245
58
222
170
245
60
138
84
167
173
214
250
172
17
225
15
199
249
25
191
183
114
173
250
214
90
59
245
188
248
117
250
221
87
233
238
82
32
160
135
209
59
124
79
49
71
229
232
125
50
205
151
1
99
135
119
45
46
7
198
77
218
11
196
140
140
151
37
128
225
215
47
24
120
39
55
185
71
244
202
150
234
52
141
179
128
107
192
108
237
20
254
90
152
33
205
81
223
130
150
20
68
15
123
239
91
109
172
6
69
50
214
190
243
47
158
244
247
55
103
9
177
63
51
34
52
181
42
240
120
52
68
161
136
192
228
179
117
26
134
38
142
97
81
139
175
84
171
36
152
62
148
135
78
212
103
134
90
242
30
27
90
197
254
58
174
215
230
248
55
179
43
148
155
165
170
15
188
192
226
204
52
26
136
165
111
79
39
128
227
69
62
189
8
238
187
160
215
120
204
172
223
164
195
194
42
56
216
226
129
159
24
45
18
100
253
244
83
84
122
202
103
178
100
254
193
158
164
75
248
221
25
215
75
13
99
86
43
32
238
76
93
199
70
113
217
70
132
29
36
129
185
170
213
70
10
199
179
148
166
231
59
31
63
50
49
127
42
229
15
44
39
129
58
93
188
38
256
137
134
172
180
190
135
161
168
210
29
224
207
169
64
145
201
118
214
145
98
179
188
106
192
210
36
205
246
170
184
191
84
256
140
24
77
245
47
242
22
87
246
79
11
121
68
103
168
43
17
199
206
170
241
58
105
183
211
197
151
240
107
7
190
135
136
84
101
18
190
33
134
249
69
94
14
11
62
85
194
154
69
180
150
130
7
162
41
122
174
16
134
72
129
28
247
256
246
150
54
146
123
29
76
246
186
174
41
86
69
191
241
153
17
168
212
230
213
165
196
78
4
23
185
115
219
60
166
251
61
228
117
178
51
203
73
128
83
19
254
243
13
75
211
25
119
203
163
77
60
118
107
15
54
188
177
236
171
65
33
226
153
34
162
30
116
68
104
167
73
191
118
150
44
173
167
126
185
237
10
6
154
239
217
195
131
177
38
51
49
158
5
72
253
40
195
132
17
36
195
210
158
116
104
46
103
164
109
222
199
196
120
82
209
29
87
167
159
167
240
7
151
18
82
172
45
52
240
125
192
58
95
237
116
99
19
13
133
151
220
36
219
211
141
177
60
106
21
125
217
123
49
75
24
136
187
196
177
179
247
67
56
201
144
39
160
1
98
227
141
98
109
195
62
156
98
252
177
233
25
84
21
106
217
117
7
99
203
222
13
42
95
91
73
160
168
143
226
218
197
250
20
195
17
109
64
230
79
182
144
235
145
11
212
242
16
91
84
15
29
228
245
91
151
208
24
168
107
118
21
174
42
42
118
186
95
204
20
252
10
34
239
80
39
232
225
167
2
180
2
125
106
118
152
170
11
255
101
39
152
28
163
40
203
174
5
191
247
250
229
12
30
192
176
87
79
189
126
20
171
208
6
243
69
202
72
201
120
51
193
65
59
226
56
5
46
188
134
174
105
248
107
95
204
123
191
164
63
203
119
251
226
22
224
179
33
50
233
159
254
132
237
180
58
91
126
149
219
38
133
95
193
211
219
197
80
4
250
74
157
180
57
51
30
162
20
134
55
221
167
72
92
5
44
113
164
202
10
2
35
118
102
119
197
199
147
175
150
115
45
176
12
15
145
214
124
164
100
76
61
31
207
209
64
3
218
91
103
30
151
244
80
86
159
158
201
164
50
228
5
14
232
235
127
22
47
239
33
192
59
187
254
201
232
40
219
191
183
11
54
207
102
65
186
251
255
225
76
173
52
201
86
145
127
179
256
131
96
189
8
27
199
237
71
178
34
203
72
11
108
121
164
213
17
219
48
229
201
150
116
178
249
97
128
104
135
34
91
66
43
74
159
249
242
230
151
225
133
255
245
167
103
155
46
73
53
114
209
143
104
194
32
31
94
138
148
73
1
241
226
252
31
186
140
43
181
113
6
149
20
122
223
83
167
159
84
46
224
114
109
72
68
162
10
217
110
58
54
167
124
79
53
255
9
30
6
149
49
117
96
86
16
142
153
73
86
33
217
210
212
57
95
247
134
148
197
19
220
147
183
75
135
41
174
12
117
42
11
79
122
31
88
136
111
14
218
242
219
40
172
188
112
253
141
164
190
252
9
109
92
254
9
116
76
232
164
145
120
180
61
18
235
89
168
74
170
255
66
66
229
8
215
55
42
81
142
26
194
242
228
148
107
6
155
36
185
203
46
230
37
110
201
27
142
18
229
133
105
115
190
88
98
175
233
211
74
223
152
36
155
142
16
199
5
96
95
146
56
245
246
52
181
10
90
188
84
202
28
82
171
209
125
64
78
245
103
5
42
245
201
220
55
144
12
50
122
137
173
36
222
253
3
214
18
162
171
223
155
183
32
6
136
155
9
256
149
87
23
143
94
181
157
237
12
139
12
143
145
99
212
244
101
97
210
221
195
19
40
186
209
85
207
256
49
196
49
79
245
251
19
174
70
158
228
255
49
235
212
142
166
34
76
207
44
49
90
32
227
139
172
224
139
255
186
191
159
164
153
164
236
131
131
134
191
242
28
197
211
64
2
244
53
122
200
72
82
10
140
219
180
96
255
44
146
113
182
83
64
179
201
164
3
15
81
54
181
144
136
57
103
64
138
95
191
171
122
103
228
90
151
256
16
48
158
87
21
112
134
178
182
131
187
113
58
188
145
12
234
97
98
5
127
254
46
99
59
85
63
105
215
39
119
80
201
138
226
161
184
174
153
234
199
212
249
242
93
157
160
76
88
124
154
89
11
102
73
154
84
19
166
181
200
174
44
10
57
5
92
23
248
43
83
245
152
23
53
72
12
247
203
234
213
193
141
161
230
104
206
20
92
97
231
129
119
233
244
232
117
111
75
132
66
147
76
87
195
101
237
109
194
154
175
234
154
10
239
193
70
166
148
216
118
227
237
13
125
202
91
51
166
253
147
227
82
191
219
44
117
216
113
27
113
25
171
230
139
122
33
89
174
184
208
204
166
129
122
25
240
250
63
130
170
187
7
165
95
7
218
212
29
32
12
69
126
217
174
32
75
235
229
252
153
20
90
90
67
125
187
186
216
140
52
155
70
73
24
10
256
43
180
88
162
124
116
76
79
61
200
33
109
255
136
118
245
50
87
98
186
216
62
152
108
121
219
26
231
221
79
126
204
91
110
129
12
104
6
182
27
169
62
176
4
150
15
150
87
157
188
141
130
135
212
28
160
158
105
83
166
63
174
156
218
146
41
192
205
198
242
101
246
42
107
161
67
21
202
108
207
18
96
169
89
90
33
214
239
239
75
77
6
92
214
141
201
174
187
79
44
58
247
151
66
46
141
50
127
156
14
10
148
252
72
181
220
96
15
237
134
219
7
16
115
19
92
73
252
230
34
204
142
129
6
60
82
28
98
83
46
122
155
219
157
244
147
197
195
241
37
24
143
63
165
104
158
6
152
224
2
173
115
253
18
189
256
59
28
175
32
239
177
154
185
77
51
46
13
247
108
11
146
238
60
64
122
43
244
138
199
171
243
191
233
251
219
113
33
221
148
230
32
48
100
58
194
169
196
42
23
25
222
253
92
135
50
130
37
248
180
25
33
155
185
125
202
129
150
148
78
173
161
109
250
96
192
40
124
31
162
145
198
48
47
54
205
99
13
180
128
232
98
145
157
237
4
1
108
197
250
112
54
105
211
123
203
94
213
217
125
208
97
93
183
108
68
207
28
202
251
253
126
52
114
44
70
165
50
126
186
104
133
33
3
116
175
154
121
233
173
99
112
199
73
130
93
8
253
99
225
126
176
191
161
105
188
24
43
30
197
205
247
50
237
201
12
219
167
34
246
226
8
206
199
66
134
84
87
106
191
243
149
163
201
29
9
187
49
182
47
80
119
248
163
42
195
121
139
177
84
91
129
145
122
252
224
162
47
249
27
100
101
105
204
43
245
212
75
67
227
55
217
7
155
130
207
217
231
225
76
222
172
176
21
129
135
143
210
24
187
103
215
228
8
184
172
133
118
76
117
226
36
111
97
228
9
93
134
76
228
181
151
101
146
218
250
247
163
239
153
70
231
198
240
52
250
221
56
163
207
209
150
179
250
185
143
24
225
117
116
228
21
197
52
134
3
133
146
159
213
124
89
64
174
80
10
192
13
252
220
109
171
187
158
113
247
192
167
118
21
122
52
78
153
239
46
49
109
250
71
215
62
224
225
176
65
91
17
250
39
215
159
233
180
220
17
255
77
51
201
108
175
57
118
210
195
182
62
39
193
94
255
176
201
142
201
100
125
250
45
37
188
196
106
73
218
24
161
182
195
70
123
167
129
21
208
168
42
4
33
243
147
208
65
81
252
155
180
219
158
114
56
98
114
220
114
170
67
42
22
84
58
96
140
66
152
44
254
158
64
18
88
96
67
255
91
202
48
28
212
169
33
39
113
246
193
193
71
81
139
198
30
54
239
7
219
241
188
108
26
9
256
171
122
151
106
214
117
190
45
119
47
37
14
113
131
141
20
248
242
251
216
213
91
219
128
164
251
35
58
78
36
152
252
182
220
66
64
39
96
137
145
140
220
122
235
93
51
157
2
23
231
178
74
195
196
61
182
227
110
245
162
126
75
217
46
98
139
6
107
65
78
219
10
228
48
227
33
75
6
16
208
140
146
207
107
54
238
122
39
206
68
150
139
75
192
222
17
247
235
81
88
222
136
179
79
78
44
203
69
200
203
21
78
101
105
144
133
211
181
20
44
41
210
72
161
178
173
91
23
179
176
108
74
4
180
115
48
103
244
180
45
1
189
193
99
205
108
142
160
124
211
58
193
31
52
63
174
119
66
159
166
24
199
98
192
140
79
188
26
51
234
225
22
19
149
88
87
164
213
34
190
138
88
16
62
195
235
87
25
248
106
14
108
61
41
213
47
65
255
97
216
198
90
81
156
167
47
164
50
219
41
92
239
177
156
62
86
131
169
193
51
250
30
133
34
238
65
221
141
58
15
202
2
41
126
194
250
165
213
82
68
37
89
167
115
76
211
199
170
47
249
219
22
79
187
251
69
34
114
75
98
68
65
112
86
182
179
188
61
240
220
147
136
188
41
78
167
49
208
94
155
214
19
113
177
132
188
169
34
161
117
245
176
10
221
28
57
155
148
184
77
36
157
187
90
161
185
6
241
107
180
86
92
241
237
27
54
6
36
13
38
11
4
198
230
26
141
186
135
63
46
149
212
125
207
155
55
178
99
68
102
35
5
21
97
120
185
7
1
155
119
175
233
37
120
68
92
116
249
108
191
204
104
46
84
225
31
229
89
88
121
203
90
239
3
114
46
246
227
147
22
216
25
86
155
50
137
140
135
124
137
25
214
232
129
206
226
196
228
16
186
108
175
176
227
211
131
227
42
146
251
97
16
159
235
83
91
47
198
167
185
16
157
70
43
56
245
207
113
37
158
38
58
122
57
223
162
171
132
97
8
203
125
24
55
153
126
24
34
79
17
179
169
74
34
27
94
30
192
98
54
152
170
151
242
120
174
82
92
9
21
91
52
76
249
129
125
70
174
190
103
219
131
58
8
39
170
243
149
224
225
58
252
242
61
144
99
160
124
156
42
4
176
73
50
252
70
195
64
34
121
20
205
182
199
182
41
251
180
105
209
168
207
174
1
188
218
243
88
163
3
191
97
141
174
221
185
106
122
93
16
74
99
149
30
49
151
210
221
163
64
212
51
44
174
230
124
227
25
56
178
104
151
229
240
78
152
222
103
161
217
24
150
185
180
76
196
96
164
177
112
239
25
67
189
149
92
94
61
242
26
23
55
5
148
150
241
223
226
219
125
112
156
187
154
171
211
209
95
36
45
122
142
69
17
126
100
158
24
78
27
158
207
95
106
48
53
129
125
134
151
125
163
16
191
217
107
81
157
212
8
65
122
16
195
108
180
7
89
172
181
192
175
171
80
225
181
145
239
53
195
27
200
234
144
12
150
23
32
68
52
116
96
72
68
159
15
94
29
96
228
187
24
105
64
29
185
191
198
166
160
195
143
20
241
223
116
35
148
101
167
10
17
201
214
103
7
250
110
204
154
43
142
199
59
139
145
26
139
155
205
195
24
142
44
185
116
203
105
240
197
35
170
82
62
196
162
128
80
67
55
239
249
110
106
100
124
1
65
217
115
71
8
44
249
136
208
242
185
160
157
61
154
61
213
41
195
122
120
72
30
26
141
206
120
75
86
43
184
128
165
121
164
40
122
134
180
1
223
146
252
73
201
73
164
212
23
186
60
187
139
221
130
97
105
14
92
27
178
219
32
29
202
39
187
214
153
3
211
205
49
7
111
184
27
131
206
101
256
92
90
234
67
125
188
60
37
69
24
165
65
26
133
109
161
18
101
95
223
8
162
61
44
157
16
115
193
31
235
142
16
154
39
126
29
214
216
218
248
58
4
208
150
152
32
194
153
177
201
87
193
228
113
193
110
106
126
6
8
37
54
83
200
6
103
199
121
227
68
255
160
199
118
138
136
112
45
218
237
230
233
231
67
140
103
176
75
57
191
156
124
212
33
200
105
169
99
181
128
82
227
250
76
66
152
27
222
67
43
153
164
34
126
181
109
189
130
4
215
135
152
109
100
214
241
143
17
46
218
85
196
3
136
110
64
39
138
27
165
198
81
79
133
157
201
105
137
95
194
201
112
55
196
184
101
44
135
247
199
106
61
80
80
193
139
203
185
220
45
248
138
94
63
246
40
102
140
54
32
205
61
215
113
190
197
236
226
9
129
106
30
156
141
127
37
1
117
220
113
204
234
51
165
198
122
154
55
136
37
191
255
253
65
233
7
110
94
182
238
22
169
122
118
207
220
52
55
192
100
24
118
83
248
245
217
74
17
251
205
1
55
144
87
236
165
83
20
127
185
60
218
41
55
107
137
105
157
140
230
119
66
127
234
256
81
200
184
163
249
253
86
94
151
6
36
186
152
197
156
242
256
47
148
121
29
196
222
189
9
186
78
110
173
34
76
255
29
255
238
198
52
34
51
55
148
26
107
79
203
165
103
122
127
29
166
210
99
48
8
190
224
183
138
157
236
134
230
165
198
229
4
118
110
174
186
248
68
128
217
154
126
39
65
203
140
61
233
70
170
119
56
206
65
89
225
69
116
7
175
97
88
189
179
67
59
149
8
244
58
221
163
42
178
151
201
22
95
103
174
245
209
6
38
83
37
86
129
241
59
120
24
127
3
123
119
63
238
56
212
164
49
201
107
37
100
67
169
174
8
131
11
90
180
252
13
143
160
102
89
130
237
99
88
219
111
74
251
20
167
145
7
189
201
98
116
218
146
249
105
245
253
175
230
10
13
104
256
253
213
11
55
148
101
56
2
91
69
138
105
31
180
85
174
206
251
47
144
109
156
17
73
97
142
54
204
185
246
172
14
226
150
170
235
71
107
38
160
8
62
122
149
111
238
188
161
154
82
144
67
116
170
133
82
40
191
141
118
97
187
112
192
25
175
218
23
75
253
84
138
68
198
42
79
2
35
81
142
67
206
143
206
60
253
250
232
17
201
175
245
136
42
228
244
82
191
190
33
241
139
30
74
199
143
34
63
176
103
206
9
184
71
107
105
110
46
48
57
170
81
52
124
255
232
95
22
156
155
105
46
233
233
7
139
118
162
81
232
39
94
144
126
118
71
69
256
185
193
185
118
11
74
237
30
111
190
220
155
91
55
203
213
128
128
114
77
119
186
91
92
171
56
55
160
112
149
182
5
230
148
47
98
123
123
116
58
124
240
212
231
130
251
201
49
161
58
111
225
119
152
232
96
103
243
107
11
159
125
147
55
127
173
119
159
84
60
228
105
108
216
111
57
245
177
125
179
149
156
202
211
34
149
250
242
17
161
228
213
189
5
190
52
129
111
24
252
204
134
88
16
174
239
254
224
216
218
44
202
87
82
109
11
71
218
196
79
181
178
172
97
74
48
32
42
185
182
63
155
252
94
221
155
135
190
169
111
203
122
229
155
209
219
231
122
200
121
28
192
186
25
210
230
210
81
136
178
243
129
212
93
54
4
255
27
59
12
83
185
240
131
239
133
9
47
85
229
105
203
47
221
233
21
37
22
132
65
72
117
69
245
86
58
130
100
196
70
10
116
119
57
212
209
80
81
189
212
190
25
96
209
213
116
9
75
217
77
177
33
79
73
55
190
112
22
98
78
89
253
87
208
181
11
89
195
156
205
63
249
25
29
40
163
238
96
236
193
236
25
212
27
171
148
75
66
165
86
121
192
193
54
179
42
199
149
87
106
26
85
255
252
24
198
195
194
11
196
122
59
172
210
117
71
56
145
251
48
166
222
241
166
45
96
163
37
124
238
251
187
249
144
77
228
68
162
28
53
11
64
118
232
79
12
133
57
201
186
104
45
66
184
67
203
24
9
254
51
213
177
27
41
5
52
174
165
162
221
225
68
230
250
7
45
243
226
128
102
27
117
215
39
195
115
95
252
173
61
32
228
113
226
57
131
144
135
128
31
200
163
45
99
105
190
62
199
108
204
187
209
34
195
15
59
237
234
165
48
67
3
228
114
254
54
139
60
114
136
164
130
103
239
194
247
172
208
34
63
139
194
105
190
43
164
118
185
89
237
217
195
18
109
36
89
109
141
215
127
190
184
133
98
71
16
66
13
215
202
36
59
202
76
149
206
75
160
57
46
130
184
26
161
224
245
100
16
16
82
213
153
234
16
75
80
115
232
95
128
174
248
226
140
1
62
209
238
245
192
223
223
5
108
128
232
175
32
223
222
71
1
152
36
222
40
119
234
46
42
93
66
179
74
209
78
125
130
157
145
23
27
60
26
68
155
166
116
116
157
30
110
64
117
69
214
251
176
157
83
88
138
213
184
131
193
219
201
156
7
200
48
144
132
148
54
155
90
176
56
138
182
179
127
240
133
44
151
74
238
141
59
174
246
175
238
185
177
14
174
139
127
66
50
137
53
232
156
195
149
236
221
126
89
101
24
118
239
124
11
44
82
14
24
194
4
30
12
168
223
175
126
123
90
156
24
21
193
183
179
119
100
85
14
98
229
198
161
234
95
15
179
60
18
249
11
148
150
10
6
3
231
105
254
35
16
134
58
182
65
172
156
36
199
84
15
167
30
73
147
28
151
26
57
53
166
161
109
22
26
180
18
243
94
138
38
18
64
78
29
64
157
127
113
33
58
195
239
142
105
43
231
175
212
161
49
241
79
204
224
155
82
228
10
199
235
37
188
50
112
146
64
78
4
248
24
63
207
71
135
77
176
40
135
163
165
27
209
47
251
199
97
78
217
54
25
10
93
182
153
37
139
153
109
126
215
110
158
43
148
236
45
18
132
223
253
12
139
46
209
70
218
95
133
43
133
12
35
168
63
106
130
172
45
55
160
50
63
174
81
206
3
140
234
2
250
125
43
130
189
71
196
134
39
81
221
153
54
166
55
148
232
110
146
247
80
237
138
203
152
116
203
110
189
196
221
156
242
39
118
187
134
241
59
142
182
235
214
35
140
21
34
39
98
230
103
43
102
4
8
248
28
210
172
206
148
40
143
242
53
220
173
77
64
83
220
55
35
108
67
74
166
14
186
9
256
74
99
251
227
212
140
253
68
24
110
245
147
40
50
85
61
228
226
126
29
30
92
29
113
16
91
256
38
61
170
206
214
9
161
71
163
211
154
98
226
51
16
86
83
29
42
103
130
213
238
7
102
98
167
46
77
227
230
222
6
59
88
160
220
219
103
19
41
178
75
239
161
190
68
187
227
100
184
96
242
149
207
243
164
200
171
90
187
168
133
109
117
78
23
2
12
63
120
234
35
5
113
248
254
24
75
52
33
113
78
139
82
146
42
52
44
200
78
132
143
255
108
31
44
1
29
252
244
222
134
93
131
82
205
208
120
63
160
113
33
148
193
222
96
154
36
1
77
32
134
235
40
164
11
99
181
24
96
215
124
10
59
48
155
158
72
250
95
39
57
90
250
36
35
152
251
106
74
78
251
99
75
105
228
69
83
139
46
148
64
178
256
59
246
68
202
189
21
220
141
148
234
13
10
14
169
52
214
47
101
1
188
105
134
143
133
56
101
156
130
105
86
218
53
9
169
218
56
93
64
196
90
32
135
46
133
154
108
33
131
228
16
17
194
234
34
239
41
233
170
70
74
87
155
166
231
89
39
114
80
3
99
230
158
102
56
12
59
208
61
47
169
214
37
112
143
39
111
105
64
234
233
182
50
2
122
200
197
117
215
157
25
116
159
175
210
194
6
128
233
7
25
116
151
129
194
31
186
64
163
171
58
78
224
125
13
172
117
155
166
87
45
131
197
200
223
81
195
17
254
7
18
194
132
97
185
233
27
199
42
17
87
16
183
227
217
247
255
25
102
203
82
104
58
101
149
106
244
85
61
225
153
214
145
4
5
168
237
81
245
250
57
213
24
195
225
46
111
37
178
111
143
171
56
164
111
245
226
157
105
149
50
155
95
107
27
85
243
240
191
149
82
194
230
80
165
26
200
236
206
200
136
43
239
172
60
233
33
78
183
110
146
129
219
201
57
234
202
179
131
187
52
229
212
201
33
70
243
39
110
176
153
8
152
7
181
88
143
249
96
206
204
31
45
113
29
58
223
24
36
80
118
139
15
107
197
88
167
246
186
225
155
191
71
36
147
23
166
196
38
249
24
218
82
207
97
190
56
237
227
179
29
244
58
151
216
133
37
207
11
128
25
21
228
75
31
235
214
56
93
159
120
166
64
122
226
209
133
221
81
162
180
249
201
162
180
2
110
33
50
17
69
119
105
206
115
19
66
57
240
236
166
174
2
120
29
156
88
104
1
124
102
4
217
243
117
224
201
174
220
227
251
61
183
137
149
256
124
68
102
253
230
6
50
52
5
11
50
69
104
52
45
42
184
133
112
245
121
247
155
205
58
228
218
243
121
55
100
186
255
108
36
90
77
74
191
185
146
172
100
84
161
165
222
114
243
142
116
185
103
173
31
151
92
160
70
231
250
18
177
56
24
245
230
97
176
255
63
124
96
60
68
106
233
20
118
187
208
50
47
21
116
182
245
59
190
36
115
80
181
159
172
70
197
148
3
46
66
244
86
224
151
254
149
209
147
220
25
36
66
31
67
198
181
106
164
145
209
74
62
154
226
185
216
37
130
19
26
45
238
129
117
3
180
68
236
213
8
7
135
102
60
75
165
14
210
174
226
106
79
59
61
234
151
7
128
238
113
233
244
140
237
87
238
191
218
24
15
212
66
25
25
110
206
210
52
135
219
173
184
160
241
74
229
256
58
225
135
36
194
122
84
71
164
162
121
24
68
95
60
92
200
235
223
74
49
256
104
7
111
220
235
189
220
184
144
247
16
56
54
225
245
224
7
87
252
233
207
12
27
7
56
141
91
249
224
241
68
125
155
55
67
112
32
5
146
20
236
109
14
82
21
186
187
165
133
226
74
48
191
202
6
17
251
196
181
90
239
105
26
17
61
66
20
76
209
100
246
180
103
125
202
87
76
90
150
101
127
40
51
246
125
109
201
