1000
57582
58261
28389
26047
96486
76510
65906
86238
95845
76804
65668
50659
10533
20416
89901
71189
53867
50910
68271
55702
2609
45009
8509
54583
48302
63031
34411
9625
71391
78162
96175
94389
83684
4280
8184
54639
41553
98410
65207
8767
98128
99367
27738
73608
67465
37132
24073
95524
5639
20471
42265
86255
86939
39578
9645
73051
10101
56182
40424
34126
71325
87601
16602
87680
70582
42194
41756
90470
55407
60468
14542
21307
87707
22175
83801
93215
86939
12433
76035
57148
55951
65552
25449
49884
68123
88696
71494
12079
311
40731
56920
57607
37841
20785
42910
29104
57103
39870
26520
64525
75211
45899
60306
29147
30268
18389
105
92503
28714
55155
44194
80558
78636
67802
85492
44384
74625
78308
3703
65071
37589
49226
4981
68250
47909
93644
72250
23439
21477
17072
83372
54891
51601
48773
54441
98790
44281
96550
44266
56387
97532
74504
46721
24045
15866
9778
53178
2283
11749
99360
26209
43746
81008
27480
42708
66803
24698
93210
6191
83372
81175
37847
88312
99464
68365
430
37604
30000
11567
56387
45292
95615
64647
72768
55155
21149
63433
1122
86226
8206
86534
5311
26041
4232
59813
13857
25254
58848
48367
70097
11834
81405
38552
63031
85012
18553
48298
85069
78991
9064
68855
73762
86744
81405
82171
105
54684
42574
67556
1896
28310
62280
96789
47336
52307
72951
49336
65598
58118
7442
1436
45946
5200
69928
65134
47859
35642
53040
23681
90990
51129
12691
19154
45661
47270
13726
40129
59132
31344
34674
6866
3501
37709
24880
781
56279
54030
5893
47813
94672
44962
54030
83622
47427
16388
23226
18836
3699
73273
55107
68081
62343
59603
72325
54273
61644
7815
63709
82788
53040
92581
79258
66888
18877
45350
30588
56114
15992
22302
52980
71354
29478
17287
68841
41087
82574
83218
5600
55150
91087
18553
58823
26643
30797
85638
80948
79357
67777
19953
70455
87303
35317
12159
4078
8420
38231
42682
58857
73672
51430
30373
56709
98698
75360
40675
66919
12264
74574
88141
82199
59701
14843
14774
65477
2753
70114
76067
29465
98875
24117
74910
35051
86678
81970
91485
91596
66361
44575
31807
57569
19190
8467
5582
33208
53837
11755
15671
73051
29828
1681
13290
61915
67603
51206
56964
16512
9645
38192
4354
57602
35448
13032
58946
25684
66860
12170
25320
16847
3501
70016
35160
22921
52522
18872
40823
39682
59512
15853
3925
11718
41984
67465
24120
91921
39820
91197
1826
30346
78308
17753
77702
60306
17875
65514
63709
2701
71749
83294
91385
43226
45
73191
22022
48576
37020
37757
79568
38167
44632
51135
66369
83638
66652
86757
4329
12872
57795
1700
88312
99084
69998
60796
21748
41327
7197
82354
78636
25435
6148
13384
56888
2249
19040
63688
90756
33601
20165
65700
55230
46269
52213
67986
96132
87238
87665
88441
6205
87088
72111
88026
97011
1250
70113
46143
88616
37034
25598
27782
13436
46958
46226
65607
53973
87635
47858
71641
93195
29478
97014
49195
27788
98410
47011
24202
32725
49138
32281
10976
93545
37367
71686
66385
79921
5397
30002
27967
41354
11312
14085
70475
23882
8403
63028
17341
99884
85071
47331
91186
61020
12159
33039
61932
52907
13733
79843
33403
54559
92962
701
55097
55220
73159
58946
10991
17817
47551
55107
13255
95842
68902
13213
21307
55964
34880
94154
36047
87614
25833
56016
16166
85974
70304
37252
38552
47386
18005
9631
89779
65212
23939
13530
71859
51880
15647
24117
79155
78656
53045
64851
25488
93430
50626
51893
83218
1122
16033
38167
34796
45095
93422
50375
56646
30613
55164
87239
29379
77240
6653
44755
46722
8606
14460
61682
30346
34506
88509
72055
36266
13733
78724
48467
30032
59979
8222
9370
7491
16576
13228
50291
50752
72073
87655
4214
84782
31236
15479
42212
66667
24369
17827
78225
86050
13726
2970
1317
81970
49474
69729
82250
88500
14992
48302
89170
88354
13622
42558
99837
72683
8209
66075
71029
75173
48952
58027
28336
8767
42579
71325
16398
9254
34076
48201
91119
74712
15893
12009
42901
17051
87324
6872
45637
40385
22891
69181
66182
696
79955
51020
4670
47646
44714
48365
91385
58793
86534
16992
5604
92527
88916
71250
13290
56173
31881
42580
45856
10272
15330
94432
93626
83134
18744
4329
42024
99469
61459
16528
21596
97171
25227
6110
46538
73059
48714
8133
50762
59603
80643
54301
84269
72576
62403
99367
28948
5702
87942
61931
93554
58261
75797
93575
45755
95201
19154
16032
48817
85724
44330
67566
25123
686
21863
92310
5784
61000
77148
62836
98685
6763
5484
26914
83638
64002
17659
15647
33666
75752
60392
14237
74006
30838
39578
21411
31454
7979
8184
70228
20037
85653
85492
24640
17799
86614
88259
58290
18248
76627
11443
26148
22039
37922
31881
84405
64811
3819
68271
69928
67603
94072
13712
12079
10470
78825
3118
95783
83771
82062
12691
92509
47024
56780
88758
15991
35618
58823
54533
33208
56531
96614
54359
29482
17637
47270
47046
84751
3389
42235
70137
74735
9546
55964
7388
52523
44715
63716
6392
9600
37252
6872
84269
25983
11554
69629
92674
50889
560
34497
1330
30819
43134
23277
98520
67743
83606
19289
95662
4922
66208
68782
86154
7884
61020
53269
26994
72459
10866
10848
5689
42558
94852
45032
70271
42212
23631
3123
4094
1867
7596
60462
8883
79258
61065
58331
90606
17493
17606
97849
6197
50779
71429
34674
90501
78340
43941
30732
34853
43886
53045
63414
37181
63977
27293
11637
66075
35280
73463
82525
6912
85884
65117
82574
13712
78800
50368
46253
32640
38784
27046
49622
16576
38831
46874
7828
40052
30000
83992
20153
65553
32313
89779
51194
84283
65906
76873
12925
72459
43388
84387
23912
58382
30798
88361
46126
57509
87653
52351
85732
95756
90551
83728
91799
3860
12433
3403
39820
89004
18425
34954
37340
34788
65666
46538
89844
20179
79568
87013
46958
67776
49613
76804
7020
54355
62563
53178
76798
69355
23128
11154
47551
26322
26978
19883
39126
40816
379
54924
64334
86011
14634
52188
14003
73750
23566
49336
86681
94321
71029
29378
47064
97724
44714
44632
91799
84920
24767
97563
10533
51945
42194
36608
86824
17606
79262
60739
40424
94410
54355
45814
90176
61261
32044
16534
46
72111
33706
31629
92674
56231
83242
50118
89080
52388
32560
56920
27285
94410
95514
80328
83202
21920
87655
