10000
952769
203792
34056
358315
337942
935494
716981
908366
457950
727615
595464
115617
125536
685675
439274
715178
991652
358320
333127
893099
585372
173141
502838
501868
699767
632194
218320
775376
808345
851422
777353
517567
862140
475042
293247
322122
553977
135570
273175
839545
500299
1320
6484
525618
389488
747557
343031
704285
752096
100238
415954
278443
587931
678328
116042
738993
342528
642207
366090
141896
233777
737227
896499
667169
126232
126625
337327
863866
688024
374557
643076
304729
85393
864537
621415
782594
174673
873568
881927
216354
216991
517442
934177
553907
783218
807828
560913
696338
11150
162040
576885
553858
879004
843121
958086
207109
718722
864986
31933
24580
594035
397305
3724
231333
969211
677017
254952
907228
968477
915884
185179
154423
835168
450532
466772
853778
773519
661933
556010
357518
213922
28916
165337
319980
467137
47646
59077
423903
696799
108169
790554
716965
409652
10169
136862
681995
417661
919890
624343
475204
600901
914723
448953
227502
88773
716581
824298
132980
889972
926832
807619
208868
895949
375099
41682
375734
224096
294698
961049
550977
756250
600180
874664
857386
623948
654284
166637
378189
416430
810080
663916
90858
418066
296795
571146
443632
214734
391898
542503
254369
429454
389809
174086
460321
414726
377613
320202
111116
905414
69201
468360
182632
471771
222116
991832
983934
752922
4945
327157
606667
381563
402231
599281
199327
826097
775490
868540
464885
448972
405347
537760
216516
175612
496190
289376
24168
799483
915875
589683
140770
571947
717851
533381
756881
764992
875427
99401
664988
386516
754675
969245
727761
755299
809966
153932
469722
562862
883345
498040
529717
357679
937296
137661
126200
359951
734293
712980
81856
462011
557393
356163
51793
743472
67132
559528
800029
145711
583295
565573
95301
7164
937016
849408
915926
461429
226799
711135
20870
627998
425160
86957
542832
827315
951283
552719
120464
823986
806264
843067
300327
195710
862793
892086
481074
882452
671203
289509
880397
800383
168917
435211
951952
650027
436987
619738
81743
92719
362093
18525
664223
216185
967962
848356
625812
164551
442666
264785
908366
88272
950042
118998
595908
35806
988491
200885
542902
712762
657988
789213
718200
312299
678247
458529
761338
5069
711161
136054
406598
838568
684179
121106
616250
39154
142626
463935
476927
601893
688810
467439
491413
31467
965308
994296
498516
884346
370671
16956
545902
46574
106602
699264
362322
404460
573094
83305
611836
4638
13534
701719
606257
736405
665319
709588
188764
910216
501281
691473
761344
16437
530369
347690
378843
865359
703427
894778
11278
445711
879898
537541
107237
343903
734734
5181
213969
618853
847998
31934
908864
385149
596965
398705
473190
413148
805861
83495
605722
137754
100950
795569
805014
260593
211517
655671
810354
668925
187990
905411
686037
373054
85591
320452
830821
702579
298553
493363
849540
73341
983240
947992
806600
320503
859938
455890
629770
538215
986745
410773
232419
767555
854342
920914
256113
919559
73929
802190
9072
457769
564654
398522
44458
492512
182556
870899
855150
970887
829161
408711
151418
684462
484019
636855
419370
739550
794160
171062
905445
761029
789735
358536
414897
74138
804766
17543
920618
413995
977278
591989
412833
698575
357875
723550
496243
680391
216805
938854
789653
966459
469879
242423
274230
202560
176832
791057
872387
728896
92691
807454
162344
597829
124283
447652
197747
991521
959373
840871
457043
835168
698687
411219
993700
296248
963442
817358
59787
721501
371879
799613
291637
104471
698647
854097
682469
396791
924787
164541
45119
322221
617262
79409
365533
269764
800113
163402
499650
683032
965373
518411
763337
953661
947677
310999
273491
240942
467047
132847
382336
17427
904850
645596
15850
648814
678125
415967
95798
649413
870747
3827
607018
942082
577919
793089
453471
3296
558369
905483
118112
580730
770149
152685
712965
755875
902072
98550
929435
378843
973797
734260
837823
917801
221895
479200
563178
507545
56112
710433
634431
330771
845909
173521
663103
942272
932305
805278
292856
21670
307334
242020
171255
786046
417390
220279
985847
730430
143831
199743
444768
620848
227332
508665
659566
650698
284844
576728
921588
309428
603797
651795
147812
918874
750049
13526
421849
368314
714663
398054
835293
26024
416518
820747
50986
595211
225633
865454
854669
47471
560917
734614
422978
287842
22259
100480
959188
29459
146916
147319
407153
732177
321235
171407
126784
72235
129903
915959
313044
994188
513366
792217
723554
666355
708702
109207
315734
496340
135479
192139
575131
670963
268118
489277
259454
830994
15457
973856
630020
956534
619552
986406
266584
49829
935474
865482
530743
348753
882302
689181
472970
727243
764206
397327
914458
274037
586133
549875
678368
856751
999988
708706
878423
959740
169038
598299
100731
273500
993981
333474
588933
645550
463271
574840
77383
514400
522185
951283
285122
348491
274611
175166
819032
216885
343463
800856
970754
971141
725343
748048
119027
446684
329545
241496
972247
395138
502198
601012
939146
448959
667328
556380
760580
748997
967129
521323
222118
969466
621797
241187
825271
692073
134860
860737
839149
15448
952568
394994
138194
786455
164629
41384
614793
869603
786403
40664
538473
695315
799632
785901
250186
247843
266252
584793
437761
106810
228825
718487
787100
404280
732176
403110
732567
651850
210022
135064
483538
814172
705656
404460
408332
219315
208015
341763
871395
937322
592291
393167
15124
69199
501067
848916
623254
891689
346522
592912
460689
979306
570718
459413
752127
257735
646318
4235
271220
151306
781213
973683
99491
980213
62902
147480
130729
681154
898696
716109
47334
900844
474303
330271
444743
145758
761599
317570
914324
216739
635388
194845
854541
542630
379320
143189
481333
401013
578150
884171
87003
585828
827817
859342
161291
47027
121578
198906
853081
622490
237608
161842
754901
155783
994223
397025
731151
80546
163703
863812
542585
374203
29128
319992
935949
654979
947943
753484
286098
706527
816583
531657
914997
226263
203415
408537
548702
927804
121998
168091
285025
167882
464582
316677
403685
20424
745199
368830
462093
439525
214646
673615
820425
403960
591522
487575
97133
740318
473589
176773
141106
193003
964104
913166
638426
278803
64278
516107
258950
822810
157945
104396
854789
486346
275333
71377
432967
644853
479058
447726
490747
485551
568331
62915
447237
431956
916843
42604
816525
914776
43329
944180
192121
467447
968400
397627
599032
489955
715809
12236
204172
899786
710231
529646
744628
894397
375989
106196
138726
997251
279660
780791
333228
409702
881213
969073
392472
555756
900399
490520
406671
371613
635029
660037
501880
142208
491310
577334
107092
84860
244724
929686
399605
987662
415927
322248
428688
973797
60747
513440
647501
754275
2234
905398
509043
946045
724642
663291
77526
581292
783029
202553
918564
874497
300199
868845
74950
850311
722154
717789
287216
530711
708342
155184
715537
603669
939434
586141
423519
46746
853482
792236
851377
663976
831275
659398
586060
60730
874412
679879
817479
557380
80303
859473
981004
585464
95907
23721
730063
498414
572787
10307
596858
996253
780802
573094
970972
502213
198205
16573
123639
117129
988574
787658
397543
471134
375828
682539
553943
905577
782689
136544
974723
898305
818628
854971
596925
888228
194578
110516
914513
305497
909694
930
834260
922644
546838
194152
167792
853570
215467
733435
14093
392310
841508
560802
346905
709679
997143
882302
455749
973086
9332
248606
334568
753125
828159
200753
208522
326465
358738
86017
998443
163158
921790
410075
495047
94792
105842
3694
991058
469665
681874
633080
927454
180378
14760
547257
389179
221221
304194
618037
902088
958840
407341
598938
14427
229353
172757
368775
738623
221058
280634
809623
439098
458506
214615
747352
234669
867796
449152
630801
279869
211992
264251
610889
240133
619076
498348
792476
718875
759937
567072
588897
288036
657369
269503
743894
53216
790361
241294
702487
916020
242637
628064
904681
718253
989587
426849
759543
636853
918292
605084
326559
301171
379364
734756
512059
617855
499621
46137
155507
272893
291492
38731
322224
518411
900488
75629
88581
147470
195671
17064
613129
361323
58715
907332
301171
624106
712588
322011
926551
894049
808345
95997
317632
83782
710741
56504
102235
144144
725600
752807
890023
835690
864895
809899
781681
317897
751342
316027
445471
270129
708382
522992
621761
95253
240063
273102
523793
801118
231342
782166
801310
850445
728269
945208
738407
264639
930449
269375
483025
146107
187265
798699
610178
841058
188764
734916
359367
650301
100677
367749
692169
777353
891689
297884
194093
676949
817099
335335
550378
530846
329610
357631
519221
662935
875611
962411
154279
893117
436770
71167
290779
199515
689591
247313
316459
898322
164875
595718
852076
905943
115523
816281
769631
116554
463827
280735
987295
305984
913803
283895
849615
685136
385545
536074
893151
955786
708490
993268
134943
448507
561139
979236
214072
66455
130256
161191
329143
564532
788032
832533
294979
603268
946401
298040
345626
814041
744320
24168
78208
847787
778362
434754
970329
194699
207484
992038
639908
493022
895040
843442
587378
337890
859410
644838
416015
528428
455179
655503
567925
379215
450215
731749
12661
67390
80083
13293
356782
532439
515089
300115
487537
333805
378486
507541
895197
79688
656034
871205
565827
437753
534475
51967
859928
544930
856582
13475
604160
216881
903535
140406
736720
807976
891964
773452
2962
483919
714143
594565
186866
198700
919233
452269
39519
450329
18182
982100
824079
91488
460104
619753
490208
761012
71580
816606
447313
302508
231712
889558
105044
737394
506219
863296
413037
780938
395568
390265
171663
960001
277532
770151
601232
72235
78869
642884
679751
344139
757344
406945
805217
3548
681956
985104
821426
254977
980533
162147
961193
320202
456910
575334
677678
953144
490478
493439
787279
651209
921498
794753
235740
946045
800877
430973
415370
780272
717160
451834
591662
124695
391484
215885
321822
282571
426257
457978
263052
128732
52593
692987
351155
349181
188705
967120
158944
749110
741420
289973
859805
62814
147419
740273
575742
797669
789387
992373
677978
688438
970565
39880
756272
550580
468454
578268
248602
742228
511290
685675
935404
867315
626442
264528
120858
59090
143039
970819
11923
320923
797232
40659
856762
525377
942519
546545
494571
806053
658397
128732
394989
773519
877748
331589
540036
613902
615596
956650
617789
928843
984148
301519
485892
989938
336244
87810
322883
331833
588434
227760
849433
153714
421543
907081
473619
857491
542127
803469
97332
327236
983895
294257
694239
89436
904850
24538
361654
711703
711738
910755
39062
744484
612095
467270
363538
262360
163881
806836
248212
193540
897774
482741
706598
139038
67802
167509
327006
174775
887794
105096
306742
533062
769273
407573
26934
775718
778373
536074
955974
958064
51328
56671
480039
850612
859184
804866
648814
853437
522506
129926
24945
3032
849116
420238
784207
46481
865775
693050
62027
18906
848104
555131
564276
543580
718415
496922
349693
977932
884479
585979
473978
106677
50693
792655
852673
304886
677772
624583
924218
22868
971488
709907
164194
405620
136965
379217
482525
781539
400542
698520
898429
392767
800338
208783
767114
928114
959653
83315
20196
497723
406038
933672
705814
91292
692429
323909
570823
809920
204550
774137
400786
571778
792563
810560
506058
189386
577445
683225
409795
194323
982813
417764
505291
105833
556831
588058
223118
455723
638226
432199
637558
42533
320294
620497
476797
777139
32076
270955
888927
381747
682077
209916
258360
271729
63494
224029
513262
253119
854580
621698
143716
812787
904900
489120
136997
534169
970144
461643
99794
741048
450668
944088
482176
773182
661580
226715
52663
705840
357446
743802
734157
46160
417881
359262
274489
851338
288917
761478
431718
963960
377388
658087
573375
51397
676096
50541
3509
2000
929187
553042
631809
774282
203716
592082
505621
914699
928634
130265
405620
844930
895629
67747
864546
594012
66974
258050
523793
649910
590798
125357
610826
900819
805341
173120
761466
982909
787950
477510
664641
252428
314226
221773
6701
973789
877003
956945
735754
50149
98974
352504
755216
775524
188638
647183
834997
304985
844209
82604
831001
684412
75258
37887
319565
208918
897978
367634
819254
965357
712378
1402
139835
939434
134837
639614
212751
90476
457701
742673
26264
976594
313405
131573
769002
520671
947795
191027
372703
549376
804998
797010
617247
276178
98399
29257
13664
830994
558574
865724
752717
616910
651463
524881
609859
673238
895105
244898
859454
370671
258618
121419
643679
376465
345250
630314
424818
254055
407587
486013
549200
128753
899006
849588
556447
6240
809011
879041
599711
772343
794552
278621
142178
916354
398479
372529
172333
164019
737431
37254
356019
44145
169852
316081
471338
3534
821444
393730
420471
659509
484960
472868
998205
316025
118175
663365
404896
465950
628198
403322
988491
80191
569887
317425
452405
226455
621792
439581
479080
625852
667351
980667
782319
607723
903520
689912
512321
387688
749197
605337
678864
420646
347902
870612
171175
966754
258050
45984
11133
193399
52894
591865
981620
618067
741197
570563
400503
74253
765701
851551
975271
469337
289944
636386
661494
306413
441311
883966
767864
711135
122509
466676
834117
310657
691006
974971
694030
501285
519916
8167
418825
194418
107950
267039
632897
713766
530935
125949
977018
216578
786303
107039
530471
45980
496442
854507
678883
455890
6924
621797
515963
166320
301890
576475
18177
8942
962727
742216
137626
435357
578905
557785
502584
46669
57655
868845
400533
20943
308352
860385
177943
417954
681943
962370
107284
723233
734498
895673
514734
519751
701150
571052
922342
217364
339438
837336
740321
731545
492055
191088
842104
741312
468980
94387
555025
996847
306706
626313
275562
407817
121340
915260
580460
624856
247077
494752
986766
648805
532590
402155
864701
216310
363124
347277
936844
900219
825827
956441
284202
5639
90636
466301
651760
788201
39062
131605
938055
76052
987432
205751
647183
341255
132322
648285
43420
410631
623016
151421
618041
216933
621527
239064
952825
714233
654525
549360
913233
246307
157176
356825
556320
802933
180446
339273
721806
984722
314457
4877
581959
8578
25970
676570
884479
224415
408325
740721
649277
262660
523114
849572
551930
994493
443308
737398
89985
832824
529897
69358
711502
707235
234851
146129
513387
802222
126446
960146
795946
156701
819526
262727
95400
1955
107086
841265
896844
869499
141892
747751
617267
119531
348433
533726
384209
188672
900203
222866
79572
845784
432210
221120
764546
223261
160676
726972
480949
463655
106840
469023
756833
758905
794916
939734
466423
122552
963543
927994
573766
904503
311371
891350
113741
575316
889209
322902
852541
28401
730430
760667
191149
847990
467520
40792
26494
401166
189463
423663
223836
394993
507328
44547
710937
41092
786303
302515
828781
739621
790640
341890
37240
102384
515488
702797
746033
932967
865440
516132
4733
80915
120375
183997
904582
374013
918552
263348
723323
251681
131298
251734
237770
875933
815248
3373
243653
543448
153274
333353
169646
534835
175166
251790
635499
755150
604394
138258
682093
157333
667686
259918
266321
991051
242791
614318
640751
769549
783059
775076
531611
328648
12265
549048
80361
812412
912912
121728
34267
777796
935433
525643
36721
37708
625675
315661
573362
605113
371166
791283
263450
890707
845814
860112
563289
673969
826647
983369
303978
22492
149836
60894
845931
555903
562655
302921
372563
54969
800383
224455
640013
295803
884970
856750
891724
598468
84802
515311
917468
247077
177773
835067
688942
341886
718791
261988
679309
526518
608282
846365
880355
839104
599812
624470
244804
948166
501974
899012
798488
689589
777874
349548
833557
335690
164322
204674
223615
304179
645306
973054
761735
787018
402155
61172
276169
183014
574893
863802
204061
583024
976449
600350
130527
705649
128884
561763
304737
512293
599274
238778
459037
699143
278322
967849
634396
921120
555334
668486
654554
877644
119052
620535
237200
458512
960854
192263
312935
49653
263035
903787
347228
900267
13821
920693
987031
247942
873645
216991
514294
999744
743881
217810
111835
295184
594722
96258
756967
322455
439387
859921
965054
489173
267296
494991
161458
393716
624384
331836
227152
689980
57072
604228
117401
824695
182483
868114
284319
657437
227696
279467
732404
226301
728851
272799
592172
306077
61777
346905
692305
566778
853282
573281
371100
460104
661382
423610
962411
532051
143716
21865
380872
117800
710741
621252
143412
940134
139162
965383
932448
559193
684041
243323
411467
689774
676653
445498
248371
350346
934758
98389
278562
95811
929227
801369
746208
187780
272838
191304
494571
155751
323019
677423
514294
628153
715441
639688
163746
910287
956430
605337
196256
937682
115138
962174
823560
593612
673465
223370
926860
109376
508155
817697
795517
171996
782283
771875
85262
320763
361821
850165
575742
681387
888512
607688
238190
609120
352552
233562
203365
12613
436207
327521
460671
615109
208410
917776
364714
592693
633866
130276
398065
211547
435211
777623
138894
939301
394175
801736
728896
629967
864151
691446
608554
249683
901338
293574
235997
511635
477183
934263
275727
956041
756272
853281
58165
162012
238974
609121
31573
710262
507294
177945
858727
258135
262709
26264
682222
131037
257557
147480
374744
855305
903525
3044
47024
750635
904517
35716
435668
220305
835555
322834
755115
125119
235269
334385
420248
971299
214332
726311
441360
514025
927067
411638
471557
978840
168971
294698
911820
306939
526449
751385
978560
100480
130714
987247
884314
36144
512047
817697
557346
819863
232605
282529
888927
847512
597519
470169
476927
262389
449542
6715
740653
373949
504890
561925
387610
523980
979720
453134
678781
680840
496111
653740
838675
859410
664178
350669
574951
342212
336334
379231
940363
600950
22093
7998
656670
25613
316374
436407
553326
74535
437009
643146
381388
42412
78812
847442
801509
388429
721373
126346
266608
40063
274811
375814
632347
524808
997633
605563
802794
924025
123952
841008
131289
822164
745928
430532
629058
125819
306781
517799
381539
961829
417249
104959
254648
55338
347211
115840
744900
980020
441615
803866
644658
129907
601528
791235
888221
274965
299401
605409
777974
477113
522075
842511
905340
652081
393449
939109
995773
892683
81863
331099
695738
224050
676410
574897
534587
588194
467188
457410
744218
294607
207289
663042
709153
366329
545910
817090
557828
795880
570259
337872
89816
7884
730772
232213
767653
772752
756142
142524
988629
273133
185822
240840
587969
561816
626092
978660
545736
958591
14909
51099
421167
484274
548773
164322
472453
85948
984824
388275
673751
459804
683915
912172
983673
762521
526668
15460
809247
183316
205751
689697
175768
117037
918043
735629
23882
994446
949386
612762
388990
201542
215050
230589
210147
687264
108297
704549
886830
862636
401235
835416
91258
588084
476605
371662
560759
931781
330317
541721
759777
651463
752389
17371
883493
706764
850894
748183
173564
137661
700224
39703
117474
384046
748146
567600
963080
584935
875580
182986
972098
228224
567150
372861
596652
867741
879379
797697
128584
439396
619332
860814
269623
114417
17459
478128
722108
779841
418063
465001
151017
671136
982107
651427
217861
224305
165886
333073
148285
916769
503516
770739
644525
438562
540904
438669
348188
229627
851037
727177
281309
339392
884112
444605
59230
593636
275420
379761
11464
106677
704583
310879
118066
253494
222327
152876
241983
967355
197600
368674
204601
489045
342958
820771
667943
905208
276004
977928
600981
786295
838366
512422
862632
434139
888934
611173
375525
269932
891685
413462
293874
992994
211547
273606
84367
968611
831282
148092
978047
498959
630391
381192
725230
247124
766575
185527
807167
663291
997336
344847
711116
125396
172863
720589
715902
333226
769315
462219
778438
432916
269764
781179
971972
185111
811250
756142
729549
43788
392206
707469
962471
764177
214233
551398
136712
936270
67420
437385
568390
490121
626622
530412
707270
537960
310956
859670
82656
410073
252930
327260
793181
164994
192263
93821
862964
933548
371449
377658
228727
60622
116973
466015
65438
589985
238269
260990
439506
670501
802794
517887
108093
512439
494158
247415
214762
358877
235667
977932
555422
165967
48836
178549
549262
204172
862632
593795
793088
306706
6698
540212
489566
181834
308659
60220
332551
579467
580254
429904
911353
518268
56219
273245
678213
904379
21539
554040
584172
463176
618375
485890
943756
836016
736780
63752
972833
666292
719702
768262
24684
545425
612458
120352
602163
850005
336368
447290
664288
883390
792721
566047
955128
963423
995274
740880
624874
524998
505924
647376
568153
977018
789634
450630
917412
501830
6715
797556
78591
490518
824695
666394
668272
229696
952795
635707
934529
53459
13526
294561
655219
234394
939146
928340
134242
225951
724252
760887
753667
897581
813488
98210
317661
302539
602097
754828
97748
691508
303929
453929
789153
621307
766494
321822
646242
92594
816346
173402
423670
138877
963423
590206
279919
836830
880181
930853
782569
828774
370458
562880
783584
790143
322834
412231
447970
56450
256966
676396
929247
526518
696696
784489
547175
433523
621913
654730
860076
331903
243690
443445
63285
926348
586605
290154
944650
583979
151306
30784
274541
389942
897664
165669
579545
603209
598938
486013
486482
635991
549079
373956
73400
345508
992523
645365
683410
252752
323983
226715
24472
405589
961049
321917
241416
670828
619541
353296
120796
258938
85595
534657
929403
767024
520041
862818
876420
384641
853109
954944
296378
484049
368561
86604
650387
723657
60933
363132
369479
513569
672489
384980
212201
838207
292140
670429
753631
163663
706331
223610
102456
548871
322902
144144
827327
874156
521139
290939
453134
648805
277791
954676
266033
194411
283870
318659
871031
735598
737510
272391
77563
819018
562964
624654
291537
65675
669081
668330
580418
847599
732218
498088
402053
641463
539346
694130
339541
593753
855625
482267
510800
84390
521626
514921
723521
650642
881406
241280
617145
73604
19516
107020
490066
81571
596280
484564
664622
33185
489479
910262
467238
865850
963474
477890
355247
279885
444889
649859
443487
781446
685129
236107
477701
675872
748464
848276
428016
60523
369761
734614
459300
6859
145178
189584
555453
322042
181310
900983
444366
846275
31722
878502
770295
348412
973086
238778
983673
470174
906949
105205
389777
855413
801542
124243
498381
947558
732480
184532
298574
555453
649751
603669
380419
524763
486997
128159
351458
895597
957638
482267
699297
329770
219468
147934
22994
231182
890036
181318
154146
629620
953725
396079
617561
536714
197555
947606
288060
667335
219389
531462
55400
181075
538473
983332
57888
550557
910281
777115
133399
401298
772354
362782
249774
272799
578268
28376
781969
268090
577919
75661
904353
32682
392678
267942
444342
135933
921384
494470
846451
276106
660726
526070
390576
788060
900488
86557
711082
640751
711161
66049
548225
105902
362591
996965
625867
433924
987162
277670
116226
197549
746732
881963
534117
967509
436783
896908
3764
503436
495988
267812
813295
223220
622957
92605
61905
25454
954647
589042
460611
73435
910133
933386
750613
916
594497
926267
802366
129897
702211
272194
561215
701861
393062
651500
9861
524771
189473
27419
911364
397251
417303
345307
787542
590989
670122
35313
990874
605491
146454
618005
406653
489924
52190
734332
861197
673172
510640
675851
192642
413250
104616
986745
641435
230900
121342
56915
70548
685537
510200
728990
721426
583323
572923
678329
714935
982024
192540
670566
216676
557108
937038
342853
631269
307791
32102
946560
166710
965728
685338
488932
728429
81571
915953
110808
41346
716869
377643
93571
267844
251766
795800
573379
269483
888843
497424
153705
759974
270406
753661
638135
322054
655800
487934
415516
989961
607027
522185
328305
610356
706530
606850
734062
877234
514049
580455
661973
862943
90377
16575
13883
13506
352644
267730
143823
784432
49413
360009
811373
243118
858380
113068
804827
698575
234063
133440
787279
440813
496741
500470
383088
224466
275667
2711
687677
944088
701068
762236
880375
292962
102798
382421
255751
34626
442888
230977
112363
315568
801127
282095
120858
77293
704933
16423
709153
316045
967577
120917
877196
337031
419211
105126
622774
352783
356308
437481
49729
705150
94888
67747
735723
719754
78773
835723
503946
271316
715173
291637
380251
279341
698643
532992
376874
293574
826894
495734
6703
282303
289509
108418
9227
746739
699086
83480
25133
66856
607747
677678
189810
511787
312267
84525
956160
449825
845710
658897
382421
381646
709026
505629
454033
212209
747753
210022
246528
759246
435554
28684
439699
600012
94158
696801
2423
345809
876433
582820
107171
628351
154512
596922
323055
410897
576708
217238
560300
863626
442809
876807
330984
264958
117073
249719
686574
619022
92435
255602
744607
885771
24836
505621
164506
40738
826445
666293
673958
277460
243189
136739
91765
375814
427049
548238
728703
618741
593217
982520
154055
112619
825563
20561
330972
466460
630801
441910
572739
96650
773465
952235
730139
626011
438067
32879
939204
590055
705150
90105
309417
22924
82483
793288
666747
108297
177927
858865
251797
198036
137054
402419
714505
853042
45542
111984
361217
874877
863580
606667
640848
752353
138768
535993
177258
925282
674799
780336
647872
901520
51952
265013
884069
516446
187956
730463
513657
700622
630780
926551
676764
376465
63253
768407
384459
456556
897015
562276
788440
17059
31936
251797
951282
305774
540827
7550
806096
437187
14875
932720
912322
445744
238848
35182
983879
518135
822676
314397
269504
335202
572020
993716
83945
199073
215579
33575
189947
239674
929227
911010
87268
198180
647077
632732
349026
122962
844224
353522
597589
377175
377471
564626
875782
35806
538805
33643
476923
105044
333710
175925
797989
565312
119604
598653
913745
106891
107443
649767
569687
918785
476316
965044
846518
975612
797235
323
129990
735170
718751
60730
593204
123470
380422
890469
41985
143988
861319
244753
825855
345460
6534
838218
556914
708601
352099
60875
445762
418671
143472
115073
74426
806264
737945
783312
887414
823122
912818
35740
16769
452641
959892
162050
525931
129903
999599
863580
65023
561605
825526
926978
127247
644418
951416
330461
660726
840908
630027
390847
20423
783669
42145
261142
798920
796272
760791
376418
481809
295428
965525
970530
320407
819082
23379
53618
241427
847527
175609
657054
142891
272985
266561
874834
691382
902206
811934
25401
435098
297051
984650
824850
620699
365804
839184
513136
351753
533422
546429
736373
882684
19960
380422
590935
684419
962772
601494
82399
581516
837371
947436
863656
561198
481946
463035
936697
81680
602634
353822
939851
460200
143048
427971
575375
121728
270023
769315
965588
159543
223610
536858
998570
246980
47214
723984
757088
373041
375801
949806
962174
866760
701530
933092
179520
858958
368078
809627
734229
954945
614793
242791
929631
479287
325550
771860
195081
494027
720317
293940
424285
296248
290779
994469
808110
548238
766570
537993
172564
629554
730772
816038
375568
983273
877156
543455
384999
309364
518885
523370
766785
470841
469654
701397
24034
633952
794345
400902
667030
333372
15593
29761
778115
46359
519167
76356
887253
330972
321911
475903
877840
334310
961077
808012
837421
2158
489202
410075
242637
311917
61582
92339
70055
993716
130226
651580
210032
454460
489561
412497
875092
24478
311760
958589
12365
807960
634342
774471
875416
813215
486786
350044
102664
583745
56354
769987
47321
409352
142933
379813
104033
262359
783104
549422
745112
580343
366090
661278
667798
633533
113012
598486
645514
846497
115737
540036
174132
987454
904503
856588
743524
593560
976448
532968
306832
731717
413309
181042
823323
649201
246456
907670
754566
392723
211042
335058
949831
56075
836943
285668
4594
303978
527619
960936
116159
708084
482256
909342
458239
320868
721209
745587
548177
429602
784604
32407
238053
640261
417390
879528
912912
397327
236247
379402
803001
511394
234074
228263
847979
344115
443569
734062
411630
963252
415190
992920
464107
718722
848195
752096
907016
308876
926360
974181
539221
779198
529299
742470
837592
949355
29719
493627
141272
438467
192461
649936
13465
605840
591470
384980
887253
60789
223608
885624
314686
385322
420624
388988
162682
706797
26934
782813
217042
455838
384221
930412
60622
297042
758238
5857
546545
388673
699575
810560
868697
578477
179522
44247
674118
798920
760681
604432
912519
295803
650869
731570
661533
204753
633262
44783
659049
542693
735883
78988
922858
582191
505571
42293
497329
140456
90216
435501
827460
814466
319300
956869
982565
4827
171912
163335
341060
294241
921605
939450
477775
801344
314076
198904
62971
660921
616865
321589
271937
169906
382584
619542
722149
779291
978140
937898
486081
107047
970066
446723
823905
671062
126972
387177
19015
902743
462685
289952
215242
137164
329457
700861
2532
411959
939811
956945
507927
736609
9227
242133
469269
375321
910979
556200
880615
13542
894340
664233
586478
64490
744573
730604
948546
412930
35313
357899
925308
492645
993484
359217
365111
465795
453886
150887
162946
647240
893825
739583
613710
381071
447712
722496
400401
673732
422907
305027
890383
353807
123257
637505
497901
255142
785640
191778
584883
977148
880006
55484
242414
524808
662593
626309
51293
408865
992003
521947
852706
556727
208376
951952
425336
318668
791809
826037
771948
335591
490230
254206
508596
378477
663910
27055
278768
342159
536714
610168
61261
64770
851057
481509
561085
724299
129919
355591
153365
510916
514412
395466
662099
192101
332234
69370
35128
531971
127865
490311
92605
185576
467344
712377
393899
78589
989390
798216
834549
948421
206406
476144
346732
398978
294241
26611
655099
111842
645670
54775
728367
892676
502910
783471
964104
810659
775786
884253
121761
694817
95542
611085
75629
618037
257671
654523
297877
290752
358459
98683
84006
198436
425841
843723
536873
473277
361352
765532
818469
294229
580254
685444
811862
674118
584935
196565
520671
792827
727022
9981
296378
88967
139537
621036
103581
323560
606
776424
721014
230157
297898
664036
961738
787975
296240
508630
589482
231650
896366
23690
908625
882065
996167
844819
687296
882336
815844
897506
906180
711102
642437
732896
489968
480039
747900
402353
34197
297622
684144
34852
328879
589146
815275
887273
140479
190808
746928
336676
508099
501052
45373
334465
748746
557622
786884
333539
284195
422861
559662
129746
749937
850389
670201
970347
460689
491523
410317
290625
334149
275529
255354
668272
287571
768139
916774
559511
360569
373054
98174
855582
49115
435805
775711
992957
891929
367069
561358
868697
422393
439504
912951
177873
482796
923720
518432
750158
439213
618258
838581
105624
601490
397543
147538
924270
741355
500254
55121
765607
643949
735377
462297
783095
829242
205894
668682
238203
821433
831900
642206
251344
708469
314448
664699
478013
660179
593353
570156
329545
860814
699848
863324
438131
885380
217182
24808
22766
625628
402353
987504
200576
949406
222162
592411
992920
759761
962031
805466
118158
887176
303313
892271
957938
813002
325606
991118
155822
375413
858666
781455
524066
66049
57750
495526
656400
809615
630725
542919
694673
496812
729752
529008
637505
762386
893929
412138
615836
463797
416430
155292
4448
199743
412114
805700
216134
862857
764416
810773
358090
954676
206704
883602
63253
723312
631014
890664
209918
361165
664838
829071
964102
301916
273777
807585
855561
303581
300605
978987
210812
343161
695851
415557
859803
908231
817056
255537
104165
827328
793417
758075
663373
378780
3251
236014
994028
480859
143187
994486
994396
899441
514383
190330
526116
925474
314129
403917
318544
513387
385896
436109
407817
442938
727128
713042
569853
621273
245538
230465
482653
512224
888694
844519
752055
190685
316037
220932
568428
919501
712149
880746
662983
55004
896499
578412
394301
979658
422077
988293
288538
739431
917836
495734
513728
401973
715373
53967
742469
524287
463058
743913
418320
591470
210561
690432
333474
858653
568394
354177
166816
392822
402163
720538
914476
393999
427538
735308
462529
915610
575690
110565
137700
708031
35128
839545
48202
402105
924270
614867
304021
489065
295030
850152
256059
233141
644603
556665
942064
474406
786376
550226
783238
299254
240851
497730
970237
485960
747903
523778
637106
992147
106377
659037
294569
893131
829321
611385
152742
897238
530475
556914
705727
914723
465721
50537
544305
160519
135898
118112
502580
72835
826746
20162
315586
770622
172417
56619
843446
112259
989815
456497
828322
635600
181042
958045
982832
511522
633864
481692
256706
695865
639521
855561
45879
184803
769495
865652
205478
642706
586060
87062
1097
929701
647882
336349
744597
869099
583295
321940
173790
366268
310315
818469
578387
82724
14685
545633
834362
623845
856590
90545
529322
75919
219573
535681
979685
507873
940107
674474
61271
578658
470780
282642
23234
656778
461229
563796
711420
852101
393999
94083
705345
860815
926860
947898
822571
482482
178900
940406
339993
705428
756881
252143
886316
430526
414571
971780
250427
870949
796956
186300
39880
684107
970384
3580
696661
468980
925830
528188
470924
464459
230989
173579
38602
781862
682485
196511
425358
104264
27112
9191
99491
125854
534488
327580
117524
411292
169329
699719
643076
274864
363390
224587
755357
652310
462087
465810
45979
856397
851614
87264
294713
46726
26528
80191
375099
967990
663040
678125
123146
574244
785775
876707
123460
275359
203908
431535
704542
355317
37240
11786
907163
689565
223082
424005
523448
460671
338507
817215
722448
459202
946775
869995
41657
893117
887827
347691
717910
696801
624975
498348
670433
290877
224050
979936
922534
581616
835721
858862
466950
287166
567717
706591
928340
794601
56188
602797
40108
518135
163280
464628
855211
547427
955810
445168
91058
995540
265555
94566
279525
233126
28388
974008
272185
934243
327625
452449
637811
373557
510577
467047
598369
662347
833595
631435
606484
406886
514244
359913
388687
176505
185702
166869
900730
91860
120863
916752
23325
785775
544471
317688
823231
679715
378006
901072
734141
32102
886295
907767
12811
160699
952974
883195
995519
922922
124039
702427
49556
106324
672009
339273
52107
985337
637106
519497
780802
939734
852463
251255
667988
151657
389809
240130
761810
652388
196703
423308
957589
908323
527583
647051
173521
638315
892008
697252
501503
385431
316319
507351
970544
988574
97856
24092
310999
938587
362931
663650
923325
761047
268205
703373
5610
473016
121126
41480
532590
120643
765588
638935
310657
150864
411053
822104
958188
493085
619643
789803
954079
686650
420646
545264
867892
945241
548094
69428
565646
755284
226134
113183
448157
727447
628704
540904
864436
728990
683915
277258
954444
731411
542284
221895
312642
774278
476797
82987
92177
234120
253565
415978
64024
52631
761338
237710
687599
731036
765424
948224
838009
220480
950382
376052
328006
336825
664416
872391
970086
105946
373408
877234
88967
410046
75379
804474
726117
128810
890524
590614
281581
379061
653451
712742
396054
986069
846315
790143
1907
851672
707840
873121
526307
625133
658675
939305
917037
489260
576792
38525
999661
693484
351326
941842
713668
793095
201790
728722
771878
219814
972202
327456
813988
551235
406945
306949
543872
84426
412778
472094
884119
247720
553640
172524
624595
386935
888168
48811
972462
155121
104033
288664
273663
69779
645891
276253
542630
465646
250792
856357
846099
932161
362093
579545
486641
447003
39226
248367
913423
569715
81227
104773
539639
653750
403386
511550
826097
795880
154156
136140
2426
870416
488238
930157
432061
548719
166382
488932
113902
498023
46970
187760
90108
872998
776861
809129
399224
303873
500855
445711
513657
508138
143189
356385
137984
820739
68833
875218
410815
930858
727099
677476
587598
66975
931684
184628
942413
951416
572054
537993
192146
259841
787542
211878
46211
108702
546086
295606
562863
530814
376483
462011
214575
676899
352701
225831
163663
692562
735515
175028
485913
234078
724041
617283
744730
176889
746291
608847
451465
623182
117911
86879
98174
981712
437248
517185
888865
498477
969843
498698
336134
840699
198034
85521
944410
573214
354414
746774
200750
10451
472319
888109
772135
502531
882412
790361
177456
825631
241141
474342
141422
845983
732830
739182
313530
740639
979207
720673
8091
455881
413037
262920
209905
705180
880218
581047
578153
322750
786560
164019
544781
846601
940802
471144
651704
248381
324292
971428
915069
605086
485595
305342
607837
104105
7195
907598
822164
403051
395526
544471
415348
695692
109229
748279
505721
489703
360356
435623
197457
113101
316996
662974
976594
638547
183366
817876
218187
282640
685246
330452
287004
971502
776055
542599
819254
616918
170460
189386
663040
183538
495820
910398
888507
652688
795741
318273
981991
784755
235022
411918
61905
653271
120375
243828
953739
139793
138258
428653
265605
739179
548206
816809
33169
633761
917774
815883
802367
888232
259651
996763
100838
304639
702499
180385
242133
826400
450329
801726
866939
784447
568302
974763
14904
338913
847441
162096
489580
522688
91095
822544
815970
600127
322758
554401
392026
154279
998893
171839
230900
599513
866970
589737
74253
814224
681895
466203
995836
688276
666293
909531
863181
325189
830318
955132
564722
722154
826445
139618
57395
824236
72394
43067
643996
990734
999275
77655
480859
267027
830367
533606
522524
918890
548773
282821
774815
212017
975645
747753
314709
407339
194222
161807
680872
921757
150529
663821
180492
129439
598312
395630
67072
907656
271577
982303
260794
326340
940397
771275
937427
144923
710299
262920
671524
458681
497967
321629
20854
629935
680004
371561
841508
774007
839911
566309
503654
931790
358968
849173
491638
596300
357024
163346
184738
353485
742230
199115
296191
442721
837355
878083
102475
949406
245257
727615
284635
307885
945744
833941
566247
544658
469130
322267
480808
819951
550090
191477
635105
363135
847533
313964
691151
644617
947424
766828
508691
249470
934920
689414
351622
410317
102899
363971
732758
510223
263280
620786
385431
119966
177873
771097
285271
715259
840699
311109
715187
293761
139929
91629
531809
612265
845700
555429
870453
319337
414019
417686
631812
644697
550993
955025
679375
21170
147741
410959
192686
614868
767188
255605
972202
398400
388134
892416
42483
761786
73306
558711
284088
659233
658715
3064
557393
583419
827460
155507
863678
693265
660075
588272
358953
390343
477928
405134
99000
480391
474472
728940
682485
159826
706969
480296
811068
551586
540680
777493
696608
960146
478335
867790
433825
727924
786747
932648
892008
493574
683724
221515
167199
913740
346605
597092
721776
658179
50493
4235
884906
257973
359011
560774
52270
484564
608119
164427
469750
929366
759326
348447
842478
738885
84605
915069
606665
665358
676899
264422
920441
967524
970749
558742
478907
706153
803577
217216
762333
313239
210885
69267
530767
991545
739696
900399
354294
78718
486381
74616
255290
441010
517799
2826
607596
90313
708954
449016
36920
945470
652906
770736
188543
213458
105259
83658
73132
547233
113322
173141
830697
595191
719968
684107
947583
470458
39407
680931
78710
833394
468185
975010
808145
410944
816114
810723
555944
506486
940480
958145
719050
690289
913019
219084
727435
798384
275555
764517
269807
162569
254952
375314
904522
967120
748048
199641
497702
718415
940746
513366
741682
435460
484615
632246
289448
684799
776424
157923
955148
313044
370656
302551
772085
592291
290961
356482
363333
943048
300668
775438
311143
759494
615025
876752
283091
788004
267641
897461
178039
593118
524392
731149
991612
916209
588897
333455
736497
706571
2261
128096
687811
684284
265197
104426
216521
827545
58868
848556
809631
606513
595191
281002
184187
387203
523056
630549
277570
526291
197457
392515
211567
911630
52270
482170
765828
998974
470824
150903
753437
165581
124258
812174
965912
675435
837779
330871
347814
466663
201124
768407
934063
978840
903437
246133
136164
9216
833375
284510
657145
224301
552103
712506
759620
311989
103715
394634
700914
550777
501404
257258
638719
452287
927154
872243
231100
769220
994701
294405
655385
515404
704958
362711
991304
664972
125546
737157
264804
21757
993218
407759
420087
107101
873591
942484
279200
790105
443425
35716
793239
822185
542284
268620
554129
436089
267167
490520
546086
694473
8120
775475
747698
203367
576723
324767
874412
87402
893276
909783
178141
122552
612154
283699
281460
549775
159930
963467
386913
149423
375059
423538
594704
858001
568180
204306
815094
618306
382404
619530
927424
136447
309122
893186
510444
205135
407578
278043
321583
694660
255218
832220
829406
572766
420220
157430
355774
837209
631606
32043
241723
637350
286478
373893
97454
587178
760941
481128
836323
161770
138884
263529
221436
776101
664669
110185
962985
173857
233190
514364
459037
874889
989968
587677
527303
9332
823576
836885
165615
470785
329070
191588
501482
234078
807199
241720
153478
3218
329378
507677
407626
991932
190631
728805
301467
220279
247328
90429
957315
794034
645550
40703
498502
858666
780827
454097
514208
413499
819550
734374
715847
36803
57084
741743
234847
192122
732026
919890
255621
907103
555204
751423
86576
458398
328557
570094
51178
341373
837879
457701
41599
232704
484876
190526
329398
633242
959786
768308
646251
906108
314847
752922
279556
250928
165353
167289
604778
694889
501793
983718
400189
675740
968413
81231
907598
826071
730794
586499
341583
734734
597703
383638
489352
941624
208172
332039
664043
410895
438303
598827
171647
717329
427546
619771
901711
238391
374763
435357
532140
362307
827942
924917
39918
734806
6240
559739
497942
856209
860868
489352
669657
432638
727207
889942
258023
764196
460611
913475
262745
969317
97748
607208
541430
92651
52888
233777
759374
536858
227494
72812
369828
303529
536487
941198
535910
373949
690427
651427
853185
153032
904013
882841
919634
877002
451834
277791
158858
980372
692274
112717
739703
381316
758870
917167
136219
65804
973399
939628
526681
30361
567949
152390
147812
234074
984851
969881
511635
805492
39839
713042
37320
289811
141427
640774
681890
361194
980860
373795
410644
115737
913166
38813
530767
299803
739182
182632
77394
742461
157328
54577
394239
963015
757250
485157
759167
647548
29186
895533
468974
579870
392842
84258
599201
50364
164004
10962
374490
14254
787100
672983
8943
692913
431704
226731
604977
380740
818630
328567
318682
584440
473216
485914
460390
753397
977001
511825
738261
951398
707118
625979
925626
753786
214049
830821
510069
351510
70350
539648
207880
566114
405602
674511
842828
725274
546423
371201
723594
948891
100189
702087
151606
782889
76900
931916
535771
927418
557828
971449
497121
456279
523194
862403
54441
719840
94792
10740
967314
626269
199473
700547
552510
631809
805417
618633
788032
645431
729627
49556
960652
559751
547338
710395
420230
92711
676524
738456
19835
601280
989185
191810
586390
303107
696275
490766
419318
976129
47685
43787
770480
624654
270079
308708
898243
257701
113846
811009
753150
675740
100631
959527
858266
363604
16956
771097
620591
891799
541130
611368
641118
898996
759565
427071
979236
111118
31451
742728
586058
98492
179367
823919
210420
171928
394725
420087
382256
603662
615774
358726
428403
934304
684772
438049
935465
537470
771629
7316
285334
284751
476833
525801
151351
902538
221354
776861
303786
24980
462784
20157
683953
683748
110044
205201
352828
498419
703903
256118
776349
947645
484556
976853
585521
902481
670547
758805
218187
782397
749690
455522
489021
134474
179446
672250
726125
387360
663557
101986
642733
67126
530667
935015
687331
547278
954295
349356
569617
9176
562640
501814
577827
154150
934894
680738
91432
77870
418341
642189
28526
789059
798808
830684
461643
790101
85076
110374
46647
655175
498662
590548
169680
494488
378626
111105
442451
343941
951331
716445
259526
554698
480788
33719
903998
586605
382597
997504
209060
756590
260289
919189
605086
651243
520926
656083
250693
521029
785951
252062
123518
900055
231761
32111
240680
198766
657768
379660
170761
829147
147684
337041
33637
228526
646015
392678
655480
622344
690551
664284
112772
15258
372031
550596
628868
637706
889001
474829
47214
862403
455504
148643
583024
961003
717289
397481
323161
202658
772053
425472
981768
51532
366796
811187
879428
307030
504315
403673
565683
69240
374703
311875
931279
890290
955089
347021
110978
411202
284513
490435
604419
394392
151463
756330
202071
959786
295180
365437
263092
841465
502242
851037
20476
737026
997504
891553
258185
715598
153095
743851
371093
218567
128179
718456
343464
303694
289830
435623
18915
291614
657371
784489
802156
154112
596167
172497
142649
732366
131519
164481
669988
339154
128753
835672
536136
370760
2898
873869
686758
418671
108150
974591
274541
398370
813383
870681
252410
665308
438562
862761
131153
712221
178039
834520
761469
526721
595652
146484
990084
645399
37543
909777
741489
532402
854669
856653
65142
768399
501404
798280
421400
54179
245653
241719
46145
172421
650734
192540
614520
37647
414757
515999
470537
341687
949362
520304
730177
918822
413193
944609
651207
114781
654360
76433
725600
96030
508905
119028
851624
888886
339163
215000
984513
602058
769349
127878
978673
909694
844819
802616
767434
366004
74065
790985
266033
656966
931846
520131
69823
438126
937123
858270
457031
514803
592081
767676
810773
303758
718254
961845
835678
845510
5181
307120
696661
67282
209816
757436
798546
675343
583767
356019
706183
219814
16419
480661
486907
583323
294247
333657
838754
925641
595876
371820
680287
640467
945256
660061
591347
381307
351883
597571
359171
969199
96108
751099
236402
513640
522524
623940
788062
566861
19015
128269
540706
377070
669156
371924
458512
800959
883408
136862
362824
519167
951234
699229
119940
580268
808202
347145
482405
325428
46910
187780
646196
773838
514252
100869
184788
342876
691413
442970
254453
876333
302137
476144
36649
996002
64025
226263
810404
718875
6395
670395
981996
515646
351821
203121
598159
593820
403652
307360
969104
848587
720914
974633
714686
888319
713590
450308
865889
70192
955901
361445
100462
606555
862582
999599
895290
716010
700449
947473
393449
263280
627237
652151
78208
164636
548621
229371
895833
633023
572787
51784
930121
841556
53967
34918
490063
368216
857140
21614
699104
255369
302219
997497
963952
708678
704168
805696
271316
763189
770575
352989
998281
902195
356451
660773
581292
746533
574122
986785
555536
695616
983879
326719
709444
110408
502198
191810
759189
118437
5165
584034
912055
766494
741973
406014
640863
188600
135458
773388
228856
18203
627926
850427
651331
701861
450215
618375
551768
539171
314140
761810
537274
141438
61454
773388
539547
737892
412845
661580
884314
805341
662702
275058
850219
398456
576254
717305
745288
728930
30594
953375
713766
947424
968870
250928
644363
675747
277670
25164
476642
98140
630202
452945
263052
785850
978319
64436
728776
812494
501544
804859
579472
190937
626213
322800
607122
565583
460474
789517
252893
333103
240135
297042
201911
881575
304382
250290
804216
743268
789433
832566
586531
563128
946718
480808
945485
188814
900516
97133
819526
501880
199302
45449
383684
773005
74348
122636
85155
184977
834715
277105
172622
690701
314806
302696
397432
801126
2367
961506
467270
454970
102109
352029
742823
808019
72771
984976
931023
37620
343835
436361
381202
65399
655682
630314
255395
675328
178900
559588
717152
150058
935434
712346
589395
74696
714447
144923
113101
277071
574244
523295
480115
655541
941697
936586
3311
132365
20681
404693
502205
341090
407747
594493
15931
883082
74016
127134
786884
687579
915377
488724
662438
179862
93334
290614
328864
550088
266610
39142
554051
76205
808328
287953
468904
818628
193876
902591
808424
805492
980658
372563
595564
271257
151381
828266
547213
588826
164256
392730
978369
300937
104340
103523
2995
372955
726421
749014
506576
339010
848124
681029
268239
937322
340665
821444
432543
690046
211567
325568
32264
582618
47846
835071
829604
138813
270129
778424
664632
317154
903437
387487
262534
721776
290256
550046
879179
213651
153302
782924
799629
2036
106599
33472
319980
69779
665358
721447
708521
564672
222112
514171
834918
888527
424801
29885
262425
162516
122827
698671
330771
836385
358726
424214
628942
91292
545359
810818
824018
468218
80197
174235
103782
746873
539904
361323
529834
895581
917468
973856
902889
640590
794572
424541
781217
880998
8464
811187
216461
809184
170036
832160
985618
589215
865242
3251
491523
273113
962583
19404
156877
555142
930920
931981
590652
589201
670433
7572
946387
507381
653626
394459
254184
868351
612486
22564
422894
92691
459573
27322
843799
861080
120098
859342
159612
490208
713755
669824
301739
562878
52683
678195
840193
259526
45456
307728
921710
288178
225785
329610
925668
234851
531363
632142
557399
591865
141144
871175
734928
556618
485640
282821
244277
291093
521693
584508
925569
343463
732211
398456
750394
669439
824602
891799
15187
765433
422140
789368
830654
951875
586574
217719
69049
828805
134264
629274
71848
247364
30232
104609
262534
268551
489414
682792
596023
614993
726353
208783
875710
625628
68118
765828
92646
222118
57381
328636
626510
161842
671453
768454
497661
708228
170931
111293
36101
375801
617126
745485
266540
739645
86146
884850
841556
910926
772807
353987
897264
872884
288395
190190
496681
671206
848462
392842
988184
493452
511838
529707
375314
515404
322856
524525
577140
840100
457502
552492
355276
51784
384169
843442
900730
362119
185438
503654
500533
832780
105466
474350
279466
902496
183385
537248
251788
822571
466031
607596
542503
613399
381319
438826
92339
107911
846365
23882
818046
348188
54268
769595
594976
173781
21694
148934
16285
182032
491307
594874
139201
796776
788952
203128
774709
551326
607049
535589
300391
956530
225913
759937
476076
695865
348412
868428
802742
518423
6913
88586
584077
840971
827988
340268
344687
260914
313310
558682
501503
565573
431788
534088
957638
34197
363050
49833
882113
220438
755563
417532
947585
508177
44992
768139
349528
654245
895969
692767
271333
331930
852136
246204
246313
371999
782489
347920
272185
615213
519932
292074
576717
454368
822697
215982
392300
855234
921122
231090
60894
82581
204473
655541
96401
44043
14254
213979
318864
596701
609159
113800
505734
296751
737979
267016
880609
589492
478064
977435
12222
20083
792563
540404
952549
444519
721806
785158
444747
218478
991247
911553
594110
245746
994620
869435
265953
266884
494769
504944
657768
92079
848230
377413
846324
777407
651760
8120
138357
761758
660639
479969
147524
526704
408622
237200
328627
407794
284617
922670
654286
431613
505258
352047
467224
762573
918424
582602
278547
104726
345720
636493
559928
544136
768610
741345
475982
266570
99242
175912
287350
374828
97505
908682
750049
671460
583117
269665
140261
621307
604405
60284
738319
758286
567504
267250
676274
833461
991428
928664
745570
867730
426269
605495
240320
111272
611894
397407
147470
926600
488065
563520
308371
491824
608685
748529
212201
13465
598269
680910
737071
967524
574951
1429
984781
836385
614146
382597
551930
326910
568566
37079
99658
492049
17829
452816
768454
262696
776398
461174
283213
825506
105205
164256
714634
858281
699378
458774
909633
255498
25019
572482
947898
73512
116685
228219
234747
555206
28281
302219
623106
769963
334393
64788
704285
871653
842765
768663
549695
513456
739458
762915
142812
884653
212017
45931
580148
739588
477745
881709
483524
259999
768417
705649
155045
144553
876827
936891
643638
354664
600380
310211
143766
794015
8384
871594
738694
247127
788958
231444
776722
922121
62962
319341
236107
177864
458975
178953
122079
474167
985137
809247
245653
355073
915198
121865
830517
110049
679886
821538
921307
451118
722437
953443
535840
896577
401387
593217
925855
480581
63511
492956
439918
479543
905050
274115
870430
479118
530472
859056
487537
947675
11482
416235
854892
355951
578150
159999
860768
553390
770682
965383
711979
626677
731594
351426
666622
660773
106034
268205
379281
951489
966009
636259
331568
181834
953725
464097
832666
650387
847658
886931
637268
34699
813636
732936
567678
153220
792302
711420
699575
483559
687579
292900
578477
920693
385485
330399
437753
166473
607900
466015
402105
346795
860624
339759
24688
217438
658720
98129
748016
55807
646694
75304
524448
625867
688921
553427
975631
716670
253170
803073
899286
424349
356667
417738
730383
169892
617396
57692
643254
247139
603038
700488
921887
540854
931749
427976
773763
412878
985911
348031
198063
114522
866662
833343
221951
73516
585567
874727
53415
489561
368554
741027
668369
311365
502103
659275
73477
482070
215800
986351
841470
873163
736528
780016
791292
516863
677493
825100
606634
606489
95262
37357
17336
317324
78339
157040
511821
278266
694319
936880
910979
136447
595298
670946
351821
38052
269271
591438
21539
461686
366317
621659
193627
981567
207382
811054
122636
870677
6273
842965
537563
675129
569592
247349
984816
115900
184187
112259
800338
323231
999078
561184
178141
637246
141438
207048
358819
418686
230117
350670
720279
376660
224181
288259
728628
459505
589876
931082
958278
508149
57861
786540
360355
968360
841043
994521
727686
167874
532048
582580
689216
6524
732427
868118
217944
663715
699253
996544
504241
100753
473675
882832
627926
802366
127787
984837
733860
914514
428413
972118
872186
951882
255621
925931
704734
476076
746291
879041
446004
442562
628286
862973
11186
486895
407528
426417
53415
518042
890769
596834
100175
371409
182197
570156
577343
141751
962468
636335
2348
268557
108945
32019
853482
407620
634462
692653
575958
356263
853334
322122
195377
326413
956303
251460
568052
304382
67380
785898
124695
217707
585736
741048
260808
298284
160579
154409
674682
267951
158738
289892
776189
336410
178953
88307
700585
152953
586343
809305
15223
831351
141562
272583
425833
148928
65575
735749
974319
24912
755178
58818
364410
794509
480003
717676
231232
96163
906959
802945
409779
932679
923858
712588
897168
759189
149417
521031
242179
968815
173921
717104
784956
886011
392730
119582
397373
322263
140481
903748
879049
735151
215467
677151
81852
976698
193889
890664
963028
755715
483655
198167
834867
611873
389268
504662
571947
510069
240689
873709
625135
580124
632529
396510
895882
916120
870465
262874
200130
23263
906867
696258
456171
891249
945837
333103
662489
479178
834361
91075
408395
184828
462581
705727
16000
624557
919088
355735
883933
806885
763087
591700
864095
677910
854737
598047
996002
952581
895404
597833
635178
558278
145006
936549
851338
646152
857491
605459
589146
538935
239673
854607
96821
690950
299193
174673
969380
325113
759843
619242
478202
949548
296390
5413
436207
634791
318137
678809
749756
288224
827338
983186
909285
146664
17378
518300
502894
505395
22439
411918
692184
282746
597810
151796
198113
981676
530983
902015
298931
535039
529792
849615
169909
146664
46757
715239
266493
843214
856357
298040
617251
662640
308286
173674
156639
646190
191876
566565
350371
905106
627237
854607
637903
277044
284704
919599
464686
873374
380238
207078
95554
537760
838052
223154
78152
729347
494322
790640
253793
558029
67499
822642
279031
637742
654730
422391
468163
913138
67673
253973
898584
596167
763513
6524
948214
536566
642220
711104
984781
753276
616814
206406
840090
249748
18599
290932
891875
458101
670553
60349
619923
958020
342483
262381
262185
979976
902088
341583
332434
447957
884084
401791
328269
556374
130536
673397
527651
858852
844107
403960
532286
741312
512309
129851
115237
743402
595723
223155
820813
476043
559492
881259
935525
313271
186077
826792
955139
447581
487518
449663
724487
320013
614600
715101
932173
397785
335690
518743
303311
251684
442429
340899
692541
698379
557108
930377
150631
279886
124921
638377
764548
310722
133027
106289
602738
312943
346605
36393
723805
327580
744730
838197
336134
494554
544407
248687
682538
400851
731341
348891
915314
555422
342853
952274
397997
737672
669620
392297
252031
33711
200025
822917
93282
822404
949411
991034
900881
619497
830044
997143
459961
685738
677978
869825
84936
610239
412718
644696
570192
152128
320847
888109
130153
39545
763018
507633
300937
720020
964124
643766
892717
68903
173455
47454
807097
282499
851072
459490
44393
828266
523335
362525
472102
981996
505424
958797
34518
616370
890973
159947
852619
784817
691921
407212
394897
184718
708682
828956
81087
200753
12370
839258
314583
69833
81617
991932
795756
817470
589367
729667
588770
66994
290605
739051
902531
444519
977548
331526
615802
766570
263578
554401
669116
927943
72850
670201
462297
937692
307297
763179
957847
147571
460162
415652
622787
515788
417304
920741
475335
492406
826969
883390
538775
459968
469170
322226
851624
568723
267069
302638
680221
834361
628884
92924
828740
387476
603209
480964
570674
872639
333533
374363
669399
425720
701229
200306
195813
112848
662300
126014
624782
105778
987643
604946
520863
825010
25591
5367
137388
505629
373858
914417
917051
792087
455181
892675
771694
707915
915257
159411
169183
120863
527583
312962
388125
126125
875427
842919
388687
283308
705465
813152
800148
805629
967239
405991
329949
354263
963952
84860
52679
839105
542667
91506
421828
747484
928759
435805
179495
513118
11911
83757
267228
594488
828774
696338
851184
65621
713755
914635
591995
998688
563691
565508
183774
901108
974281
615927
966158
99455
826408
121447
184977
794129
394993
832338
656179
893276
328312
369776
491310
173806
290254
731730
548094
495299
523422
821311
185673
405833
545661
970942
782826
547144
264673
852045
835027
660981
814307
511677
918808
327020
710439
475366
873591
245746
388209
709912
939422
237832
560836
919132
343130
604174
497115
260491
211494
121201
427071
636362
46862
751840
601232
834841
979720
709172
177864
108418
947333
946718
402501
380089
626754
200335
453665
357631
870887
488724
494470
80293
21777
240075
925408
805689
219257
115073
512571
967314
893109
240063
200736
254927
290939
840580
936586
693484
908404
750906
748278
854113
514056
500499
283555
916
339366
559739
828198
432181
18648
859454
14672
100353
880164
844727
481724
313414
264504
426428
537636
396560
211723
199044
421986
523986
240566
844519
141282
125505
460512
60745
840531
612272
507380
923535
813380
69945
334946
688682
46525
189866
244803
895141
811631
716730
605845
568508
916144
575334
946753
982323
470858
670574
109289
575241
559552
360953
415108
409458
87991
732382
214187
841136
727243
342596
902554
439244
700861
728333
28348
603659
310004
3534
994426
394253
606421
89710
2659
745572
678153
834917
523056
236402
263450
341418
103784
963949
85656
874068
889391
297313
172552
566420
34102
29453
43108
23707
965737
68202
297594
534088
824715
737200
897851
115842
312263
149374
264528
313271
540248
371
20956
258058
486049
313014
635994
689883
339414
886524
190234
612369
738456
92741
529322
211531
603839
227166
76785
180949
890913
161608
164481
907927
725392
655913
676375
24687
853064
354316
683177
831636
788825
325133
901463
669395
408762
43791
910280
194259
550940
607646
234063
781193
133635
832334
4733
517188
158648
549927
8520
325065
262696
170203
423205
405586
674587
557390
823148
794712
419272
104396
364692
70852
386221
65732
895597
963601
400002
981527
285187
13283
106324
746533
742732
72729
351510
663916
166390
773414
649019
784761
880031
901721
936179
926053
834857
499473
153867
225951
218132
383165
458909
959610
360414
621697
788427
816095
211191
191588
590165
80324
772385
854088
978792
981386
243189
839815
315512
498355
248675
279313
950334
984144
550179
299028
898996
927494
407845
848541
444336
118437
566930
544136
956258
396615
443995
688725
17823
135491
702096
677038
337792
766228
520754
874018
341220
969058
397305
886086
388765
910346
55484
48281
651808
312629
300842
683358
881872
324201
807375
229507
702032
707118
430188
61878
103308
705666
215243
27435
380741
262727
543715
204976
819998
805278
735285
837779
553648
324418
264261
965390
496803
644608
214187
851228
685523
109602
343018
649125
448037
492379
153932
963467
360676
505049
618741
428395
89178
833184
107478
66834
998489
934920
865482
555756
123523
865467
63060
522688
233054
629513
443097
26789
125616
917957
810698
375279
477438
567194
190196
801608
29459
218249
895931
861197
386893
884850
472210
890469
856024
421543
845917
299706
908682
737266
780086
535933
987205
80979
235842
425497
825343
903623
674008
223240
452449
839777
373656
422077
3384
314724
676203
951267
918446
662966
864986
581184
412283
484234
110360
768417
663650
749937
368857
658855
359686
119940
916843
817945
224415
39181
911005
72771
753683
692018
101864
762561
241565
872827
268696
885544
200800
500273
119028
946999
772496
722618
271064
858057
602198
567246
908889
257020
760132
191105
120695
398212
970780
339734
226939
170611
661205
112342
3752
816634
615213
882354
793189
711507
606665
209380
801617
26312
808824
281494
734164
977741
874006
607723
600461
427685
903792
203121
350532
191649
829560
807439
917760
57004
192122
74348
145624
680367
71480
808824
816756
791946
763299
363050
333455
156077
611259
638264
597571
133973
617075
270795
68747
429569
895303
801792
347664
564449
711282
787276
241018
188558
356979
837355
717924
392767
843733
247964
41095
183300
390348
481071
597110
897214
788996
197082
843764
236910
383154
730942
790716
628193
505905
716076
663768
787574
30433
450301
686574
338980
215757
687531
179748
813628
18063
674177
234472
780272
272332
411379
589953
493794
207134
645110
828414
515223
380985
558566
62939
320847
871610
766228
726366
719811
164006
9630
573266
585489
918292
941195
371924
361359
948867
934676
861623
494322
830904
805688
357133
902307
343223
359180
613134
973026
39149
706797
493492
188814
621761
800023
40792
307930
11786
416451
933632
590548
811844
7850
505590
566166
958835
524203
301198
507094
591709
160706
130377
961272
188942
681458
65575
68299
641528
41917
643909
578896
961106
228269
102898
658642
775076
159389
855061
847679
315838
301142
769640
350011
870203
620200
749095
174484
745461
58877
230780
247446
761599
590296
122192
795296
689511
489995
521139
697064
375431
494158
893575
76490
54127
483894
936426
829463
653622
973828
573745
964338
460390
248780
507152
17532
541195
932108
609443
497111
146614
637692
180062
486644
64278
798011
95554
897664
508748
664699
397861
933782
447601
382519
361821
200469
347925
555321
593996
770
554776
676449
302167
699530
83495
571292
444755
943269
658506
849746
417797
678784
305914
865440
897315
810698
104616
27895
301843
40395
50541
217134
707678
534384
317347
522086
73852
557285
454097
577552
769631
881471
582703
384113
812787
549360
765141
850713
275168
503688
423691
768217
130265
481882
784040
520041
51568
209199
327097
77723
64102
415482
408139
886524
237800
78589
40387
344604
639870
963039
405821
378717
606425
370737
564033
865467
835071
164930
529862
92744
398129
739583
522317
214050
220524
616383
433907
823562
933160
623285
587846
788876
193837
441010
720369
990640
395387
823862
708331
232789
797137
426645
948166
715159
953549
235827
975441
561235
755610
426829
307791
63752
919617
743730
37647
993189
404516
63511
683748
941595
214845
723455
945293
681641
68903
951279
772086
396894
706162
675991
673958
218500
178786
279466
185964
56504
20424
961848
309411
163013
69182
104917
636542
172446
501213
498206
816631
668484
716448
734157
69214
903746
721209
859109
280942
693311
521415
947760
305979
887101
258731
826746
684449
472418
160306
598886
706445
592933
143688
11394
682658
718650
77293
668394
140000
361198
67510
263148
557385
722208
588043
293955
248780
264490
294561
603943
731717
871346
533020
258322
747589
545736
379299
62254
779891
910763
87848
707203
436390
401210
581184
96821
75648
770850
6829
976248
67072
796427
751342
138444
568681
392723
802771
979849
339535
717289
543173
632579
193230
92651
649520
535759
604639
220323
284718
662684
172678
509234
809972
230589
624935
112599
125477
498185
760097
22123
586133
574840
639173
617304
581601
770357
441810
466676
798078
49568
718254
308322
560107
971
979306
188705
199695
453670
888694
209572
818273
765431
288852
477183
490435
474625
847133
340407
572335
916020
698891
353889
615919
207109
368674
24688
733860
994322
270332
276169
686559
363963
681584
562985
418130
132462
39522
768361
956071
837901
244930
160355
644088
799671
117524
922237
373557
972868
113910
705411
711282
512950
790187
847990
218559
58868
872079
959070
421617
612412
994887
310407
631490
458977
192917
195720
281549
870465
104822
754188
904213
605142
895566
865130
216367
106470
831351
857169
488065
449266
739621
865703
616370
248901
411846
527538
84047
225891
854017
278785
418094
501854
29097
191778
631557
604432
357402
797200
446497
93821
222279
760791
15745
875584
915198
555777
469994
121473
218500
129716
495309
819544
9861
715316
829604
497347
279103
677495
33711
488857
34482
722909
345368
599262
701240
103991
667052
355417
531866
605562
344986
147624
213535
483382
879371
362284
625669
824236
771119
449175
98683
734456
974657
224985
878349
561406
802651
806538
342996
39143
686082
706376
924062
880998
672009
446498
331903
533863
217805
220723
377410
944942
42715
734293
387865
845387
47123
249253
520705
292641
420545
400844
419211
153712
730463
938559
209918
231348
114598
932648
866510
700863
596770
913804
580018
709105
256048
79495
315806
143224
213011
203263
439581
297228
202018
843981
396629
739696
726822
665983
308622
578330
218860
867989
924052
716076
538201
564475
645446
113322
170315
377256
696521
591347
983407
683222
685169
209513
853078
206547
15271
204122
829421
449841
525103
503584
123104
570674
162096
130994
13373
370314
585667
352025
841043
41097
649677
647484
237140
45119
299658
658065
794866
353047
782489
499753
297853
308967
263075
879882
123370
102859
37608
252654
420350
672871
885717
976698
970465
551350
301467
954242
394339
632210
652464
730997
522596
9840
202362
781213
304639
765642
839269
642500
851604
333325
843649
454362
187952
418508
724568
821123
79762
187365
987963
258426
792882
149417
788060
853622
31934
475903
390086
279609
394083
501992
856068
677596
781804
536671
846944
354811
292156
858809
586343
693925
156663
604908
404024
22924
55048
690626
115313
579639
996965
865728
195049
316419
695616
964493
136053
99743
2348
617885
390460
736679
941894
816983
639532
619268
739669
880218
535378
229460
882876
816038
236362
273785
79706
115860
49413
949752
834918
450924
978838
980909
744144
839469
191343
825771
451835
954295
292083
771685
291038
169245
387720
266252
234894
676732
795327
605495
617855
24621
271024
988468
171225
769968
995732
381025
759565
102851
308322
456417
970329
353521
577529
177729
418616
147936
298668
975812
253504
102195
916147
110319
15050
368707
918336
47123
398212
514953
421481
379282
7465
144590
354488
447214
7315
647353
891147
425373
339310
709349
443810
515233
160589
153939
469137
661414
938867
228053
22512
767070
920618
20880
696707
198906
590710
97879
601196
459296
610282
749629
883352
72835
352743
489041
916807
375841
76245
592912
772104
306679
310879
573947
445762
769512
241913
465779
892713
831117
455236
509461
902481
534483
295433
505614
640363
368750
699934
521816
903777
804295
77854
23415
548841
90377
516324
176250
83653
615810
903535
930648
362307
228224
185278
778759
599801
131089
378846
810263
428061
958168
941928
102559
369123
326682
91853
232169
819568
790811
565953
223277
61172
401860
167156
567666
396142
465580
303305
986014
819734
833973
639532
467626
642020
831301
539985
284404
406118
264704
646470
738355
432606
180689
389584
926909
741540
581638
382036
153867
198180
299241
906508
875584
924020
882113
316870
265016
969940
798421
173582
659146
182761
918171
513228
378949
776733
607211
203401
266570
721851
992853
647240
69632
490139
338245
598047
353811
460535
500799
317334
148733
657667
85155
352576
343018
48536
502213
876701
36721
166473
919483
918459
647939
70805
670954
126625
160355
922858
401818
941337
609049
373084
979648
764972
415494
627242
844523
168687
870290
700329
451763
121473
580091
80303
367069
774084
70746
593025
469137
997633
576766
448810
987247
749024
308584
33351
328198
662935
16052
467520
273246
736842
635864
169245
877196
455723
869816
564853
841308
805608
308280
188758
947885
67996
215579
308269
629004
407341
349274
40420
490779
893268
815332
300758
886931
851184
580391
645227
665582
648829
886830
350371
686757
182730
780945
164546
655160
104822
459296
298543
129989
3133
401166
473270
829337
244855
280201
418245
104603
576600
102674
23263
576672
230499
358260
595876
379014
278443
37695
16862
358411
937722
553536
369820
194578
569609
73189
285652
683591
918681
368925
204437
232478
891377
790494
889690
157503
42611
908791
244416
528266
61540
511821
452827
374734
359439
530471
429754
423341
811009
366019
238058
600371
812174
643873
627895
857154
363704
124461
864710
305632
70923
216881
701909
487180
883634
115090
590413
754716
395476
184828
15457
299016
229753
874156
515287
581794
76025
779997
103219
780938
627077
307288
161232
996777
78718
516450
937123
729192
74461
116307
855413
782319
853304
831961
675230
725186
347113
762958
704409
770518
940927
782457
511838
603224
607319
560325
625257
342092
733096
994356
469284
722888
198451
254446
566387
888548
300667
877544
461775
993954
590747
652646
271009
223432
495890
842104
431901
219879
145875
630934
633023
255537
512436
457095
245018
671946
3490
584034
518042
676327
81200
889864
354708
209199
466198
847787
921263
8167
430933
905189
543810
823422
428565
124039
510362
976448
428139
309417
343478
